Time	F	u1	u2 	u3	u44	u55	u4	u5
0.00	0.00	0	0	0	0	0	0	0
5.00	1.10	1.6	1.1	0	0	0	0	0
10.00	1.30	1.7	1.2	0.09	0	0	0	0
15.00	1.40	1.8	1.2	0.16	0	0	0	0
20.00	1.50	1.9	1.3	0.24	0	0	0	0
25.00	1.70	2	1.4	0.36	0	0	0	0
30.00	1.70	2.1	1.5	0.46	0	0	0	0
35.00	1.90	2.3	1.6	0.57	-0.1	0	0.1	0
40.00	2.00	2.4	1.8	0.67	-0.1	0	0.1	0
45.00	2.10	2.6	1.9	0.81	-0.1	-0.1	0.1	0.1
50.00	2.20	2.7	2	0.94	-0.2	-0.1	0.2	0.1
55.00	2.40	2.8	2.2	1.09	-0.2	-0.1	0.2	0.1
60.00	2.50	2.9	2.3	1.21	-0.2	-0.1	0.2	0.1
65.00	2.60	3.1	2.5	1.38	-0.2	-0.1	0.2	0.1
70.00	2.70	3.2	2.6	1.48	-0.3	-0.1	0.3	0.1
75.00	2.60	3.2	2.6	1.51	-0.3	-0.1	0.3	0.1
80.00	2.60	3.3	2.6	1.56	-0.3	-0.1	0.3	0.1
85.00	2.60	3.4	2.7	1.62	-0.3	-0.1	0.3	0.1
90.00	2.60	3.4	2.7	1.63	-0.3	-0.2	0.3	0.2
95.00	2.70	3.4	2.7	1.66	-0.3	-0.1	0.3	0.1
100.00	2.60	3.4	2.8	1.69	-0.3	-0.2	0.3	0.2
105.00	2.60	3.5	2.8	1.72	-0.3	-0.2	0.3	0.2
110.00	2.70	3.5	2.9	1.74	-0.3	-0.2	0.3	0.2
115.00	2.60	3.5	2.9	1.77	-0.3	-0.2	0.3	0.2
120.00	2.60	3.5	2.9	1.78	-0.3	-0.2	0.3	0.2
125.00	2.60	3.6	2.9	1.8	-0.3	-0.2	0.3	0.2
130.00	2.60	3.6	2.9	1.83	-0.3	-0.2	0.3	0.2
135.00	2.60	3.6	2.9	1.84	-0.3	-0.2	0.3	0.2
140.00	2.60	3.6	3	1.86	-0.3	-0.2	0.3	0.2
145.00	2.70	3.6	3	1.89	-0.3	-0.2	0.3	0.2
150.00	2.60	3.6	3	1.9	-0.3	-0.2	0.3	0.2
155.00	2.60	3.6	3	1.9	-0.3	-0.2	0.3	0.2
160.00	2.70	3.6	3	1.92	-0.3	-0.2	0.3	0.2
165.00	2.60	3.7	3	1.95	-0.3	-0.2	0.3	0.2
170.00	2.70	3.7	3	1.96	-0.3	-0.2	0.3	0.2
175.00	2.60	3.7	3	1.96	-0.3	-0.2	0.3	0.2
180.00	2.70	3.7	3.1	1.96	-0.3	-0.2	0.3	0.2
185.00	2.60	3.7	3.1	1.96	-0.3	-0.2	0.3	0.2
190.00	2.70	3.8	3.1	2.02	-0.3	-0.2	0.3	0.2
195.00	2.90	3.9	3.2	2.13	-0.3	-0.2	0.3	0.2
200.00	3.00	4	3.3	2.23	-0.4	-0.2	0.4	0.2
205.00	3.10	4.1	3.4	2.34	-0.4	-0.2	0.4	0.2
210.00	3.20	4.2	3.5	2.47	-0.4	-0.2	0.4	0.2
215.00	3.40	4.3	3.6	2.61	-0.4	-0.2	0.4	0.2
220.00	3.50	4.6	3.7	2.71	-0.5	-0.2	0.5	0.2
225.00	3.60	4.7	3.9	2.86	-0.5	-0.3	0.5	0.3
230.00	3.70	4.9	4	3	-0.5	-0.3	0.5	0.3
235.00	3.90	5.1	4.2	3.19	-0.5	-0.3	0.5	0.3
240.00	4.00	5.2	4.3	3.34	-0.5	-0.3	0.5	0.3
245.00	4.10	5.4	4.5	3.54	-0.6	-0.3	0.6	0.3
250.00	4.20	5.7	4.7	3.73	-0.6	-0.3	0.6	0.3
255.00	4.30	5.9	4.9	3.9	-0.6	-0.3	0.6	0.3
260.00	4.50	6.1	5.1	4.08	-0.6	-0.3	0.6	0.3
265.00	4.60	6.2	5.3	4.27	-0.6	-0.4	0.6	0.4
270.00	4.70	6.4	5.5	4.5	-0.6	-0.4	0.6	0.4
275.00	4.80	6.6	5.7	4.69	-0.6	-0.4	0.6	0.4
280.00	5.00	6.9	6	4.92	-0.7	-0.4	0.7	0.4
285.00	5.10	7	6.2	5.14	-0.8	-0.4	0.8	0.4
290.00	5.20	7.3	6.4	5.38	-0.8	-0.5	0.8	0.5
295.00	5.40	7.5	6.6	5.64	-0.9	-0.5	0.9	0.5
300.00	5.40	7.7	6.8	5.76	-0.9	-0.5	0.9	0.5
305.00	5.40	7.8	6.9	5.89	-0.9	-0.5	0.9	0.5
310.00	5.40	7.8	7	5.95	-0.9	-0.5	0.9	0.5
315.00	5.40	7.9	7.1	6.04	-1	-0.5	1	0.5
320.00	5.40	8	7.2	6.1	-1	-0.5	1	0.5
325.00	5.40	8	7.3	6.16	-1	-0.5	1	0.5
330.00	5.40	8.1	7.3	6.22	-1	-0.5	1	0.5
335.00	5.40	8.2	7.4	6.27	-1	-0.5	1	0.5
340.00	5.40	8.2	7.4	6.31	-1	-0.6	1	0.6
345.00	5.40	8.3	7.5	6.36	-1	-0.6	1	0.6
350.00	5.40	8.4	7.5	6.42	-1	-0.6	1	0.6
355.00	5.40	8.4	7.6	6.46	-1	-0.6	1	0.6
360.00	5.40	8.5	7.6	6.51	-1	-0.6	1	0.6
365.00	5.40	8.5	7.7	6.55	-1	-0.6	1	0.6
370.00	5.40	8.5	7.7	6.58	-1.1	-0.7	1.1	0.7
375.00	5.40	8.6	7.8	6.63	-1.1	-0.7	1.1	0.7
380.00	5.40	8.6	7.8	6.67	-1.1	-0.7	1.1	0.7
385.00	5.40	8.6	7.8	6.7	-1.1	-0.7	1.1	0.7
390.00	5.40	8.7	7.9	6.73	-1.1	-0.7	1.1	0.7
395.00	5.40	8.7	7.9	6.76	-1.1	-0.7	1.1	0.7
400.00	5.40	8.8	7.9	6.81	-1.1	-0.7	1.1	0.7
405.00	5.40	8.8	8	6.82	-1.1	-0.7	1.1	0.7
410.00	5.40	8.8	8	6.85	-1.1	-0.7	1.1	0.7
415.00	5.40	8.9	8.1	6.88	-1.1	-0.7	1.1	0.7
420.00	5.40	8.9	8.1	6.91	-1.1	-0.7	1.1	0.7
425.00	5.40	9	8.1	6.94	-1.1	-0.7	1.1	0.7
430.00	5.30	9	8.1	6.99	-1.1	-0.8	1.1	0.8
435.00	5.40	9	8.2	6.99	-1.2	-0.8	1.2	0.8
440.00	5.40	9	8.2	7.03	-1.2	-0.8	1.2	0.8
445.00	5.40	9.1	8.2	7.05	-1.2	-0.8	1.2	0.8
450.00	5.40	9.1	8.3	7.08	-1.2	-0.8	1.2	0.8
455.00	5.40	9.2	8.3	7.11	-1.2	-0.8	1.2	0.8
460.00	5.40	9.2	8.3	7.12	-1.2	-0.8	1.2	0.8
465.00	5.40	9.2	8.3	7.15	-1.2	-0.8	1.2	0.8
470.00	5.40	9.2	8.4	7.17	-1.2	-0.8	1.2	0.8
475.00	5.40	9.3	8.4	7.2	-1.2	-0.8	1.2	0.8
480.00	5.40	9.3	8.4	7.21	-1.2	-0.8	1.2	0.8
485.00	5.40	9.3	8.4	7.24	-1.2	-0.8	1.2	0.8
490.00	5.40	9.3	8.4	7.27	-1.2	-0.8	1.2	0.8
495.00	5.40	9.4	8.5	7.29	-1.2	-0.8	1.2	0.8
500.00	5.40	9.4	8.5	7.32	-1.2	-0.8	1.2	0.8
505.00	5.40	9.4	8.5	7.33	-1.2	-0.8	1.2	0.8
510.00	5.40	9.4	8.6	7.36	-1.2	-0.9	1.2	0.9
515.00	5.40	9.5	8.6	7.39	-1.2	-0.9	1.2	0.9
520.00	5.40	9.5	8.6	7.42	-1.2	-0.9	1.2	0.9
525.00	5.40	9.6	8.7	7.44	-1.2	-0.9	1.2	0.9
530.00	5.40	9.6	8.7	7.47	-1.2	-0.9	1.2	0.9
535.00	5.40	9.6	8.7	7.48	-1.2	-0.9	1.2	0.9
540.00	5.40	9.7	8.7	7.53	-1.2	-0.9	1.2	0.9
545.00	5.40	9.7	8.8	7.56	-1.2	-1	1.2	1
550.00	5.40	9.7	8.8	7.62	-1.2	-1	1.2	1
555.00	5.40	9.8	8.9	7.66	-1.2	-1	1.2	1
560.00	5.40	10	9	7.72	-1.2	-1	1.2	1
565.00	5.30	10.1	9	7.78	-1.2	-1.1	1.2	1.1
570.00	5.40	10.2	9.1	7.86	-1.2	-1.1	1.2	1.1
575.00	5.40	10.4	9.1	7.93	-1.2	-1.1	1.2	1.1
580.00	5.40	10.5	9.2	8.01	-1.2	-1.2	1.2	1.2
585.00	5.40	10.6	9.3	8.08	-1.2	-1.2	1.2	1.2
590.00	5.40	10.7	9.3	8.13	-1.2	-1.3	1.2	1.3
595.00	5.20	11.2	9.5	8.41	-1.2	-1.5	1.2	1.5
600.00	4.90	12.8	10.3	9.16	-1.2	-2	1.2	2
605.00	5.10	14.8	11.3	10.2	-1.2	-2.5	1.2	2.5
610.00	4.70	16.8	12.2	11.07	-1.2	-3.3	1.2	3.3
615.00	4.80	18.3	13	11.91	-1.2	-3.8	1.2	3.8
620.00	5.10	20.2	14.1	12.91	-1.2	-4.3	1.2	4.3
625.00	5.30	21.8	14.9	13.8	-1.2	-4.8	1.2	4.8
630.00	5.70	23.9	16	14.88	-1.2	-5.3	1.2	5.3
635.00	5.70	25.4	16.8	15.63	-1.2	-5.7	1.2	5.7
640.00	5.40	25.7	16.9	15.73	-1.2	-5.9	1.2	5.9
645.00	5.30	26.2	17.1	15.91	-1.2	-5.9	1.2	5.9
650.00	5.40	26.6	17.3	16.17	-1.2	-6	1.2	6
655.00	5.40	27.1	17.5	16.42	-1.2	-6.1	1.2	6.1
660.00	5.30	27.7	17.9	16.83	-1.2	-6.2	1.2	6.2
665.00	4.90	30.2	19.1	18.27	-1.2	-6.7	1.2	6.7
670.00	4.70	33.6	20.6	19.57	-1.2	-7.3	1.2	7.3
675.00	5.00	36.1	21.8	20.85	-1.2	-7.8	1.2	7.8
680.00	5.20	38.1	22.8	21.9	-1.2	-8.2	1.2	8.2
685.00	5.40	40.6	24.1	23.16	-1.2	-8.8	1.2	8.8
690.00	5.60	42.6	25.1	24.21	-1.2	-9.2	1.2	9.2
695.00	5.70	44.8	26.2	25.29	-1.2	-9.7	1.2	9.7
700.00	5.40	45.4	26.4	25.47	-1.2	-9.8	1.2	9.8
705.00	5.40	45.7	26.6	25.63	-1.3	-9.8	1.3	9.8
710.00	5.40	46.2	26.9	25.87	-1.2	-9.9	1.2	9.9
715.00	5.30	46.6	27.1	26.1	-1.2	-10	1.2	10
720.00	5.40	47.1	27.4	26.35	-1.2	-10	1.2	10
725.00	5.40	47.5	27.6	26.56	-1.2	-10.1	1.2	10.1
730.00	5.40	48.1	27.8	26.83	-1.2	-10.2	1.2	10.2
735.00	5.40	48.5	28.1	27.07	-1.2	-10.3	1.2	10.3
740.00	5.30	49	28.3	27.37	-1.2	-10.4	1.2	10.4
745.00	5.40	49.7	28.6	27.67	-1.2	-10.5	1.2	10.5
750.00	5.30	50.1	28.9	27.93	-1.2	-10.6	1.2	10.6
755.00	5.40	50.6	29.2	28.23	-1.3	-10.7	1.3	10.7
760.00	5.30	51.2	29.4	28.48	-1.3	-10.8	1.3	10.8
765.00	5.40	51.9	29.8	28.86	-1.2	-10.9	1.2	10.9
770.00	5.40	52.3	30	29.14	-1.3	-11	1.3	11
775.00	5.40	53.1	30.4	29.46	-1.2	-11.1	1.2	11.1
780.00	5.40	53.5	30.7	29.71	-1.2	-11.2	1.2	11.2
785.00	5.40	54.2	31	30.04	-1.3	-11.3	1.3	11.3
790.00	5.30	54.7	31.3	30.36	-1.3	-11.4	1.3	11.4
795.00	5.30	55.3	31.6	30.64	-1.3	-11.4	1.3	11.4
800.00	5.30	55.9	31.9	30.96	-1.3	-11.6	1.3	11.6
805.00	5.40	56.4	32.1	31.24	-1.3	-11.7	1.3	11.7
810.00	5.30	57	32.5	31.57	-1.3	-11.8	1.3	11.8
815.00	5.30	57.6	32.8	31.86	-1.3	-11.9	1.3	11.9
820.00	5.30	58.2	33.1	32.26	-1.3	-12	1.3	12
825.00	5.30	58.9	33.5	32.61	-1.3	-12.1	1.3	12.1
830.00	5.40	59.7	33.9	33.01	-1.3	-12.3	1.3	12.3
835.00	5.40	60.5	34.3	33.43	-1.3	-12.4	1.3	12.4
840.00	5.40	61	34.5	33.72	-1.3	-12.5	1.3	12.5
845.00	5.40	61.5	34.8	33.99	-1.3	-12.6	1.3	12.6
850.00	5.40	62	35.1	34.18	-1.3	-12.7	1.3	12.7
855.00	5.30	62.3	35.2	34.39	-1.3	-12.8	1.3	12.8
860.00	5.40	62.6	35.4	34.56	-1.3	-12.8	1.3	12.8
865.00	5.40	63	35.6	34.72	-1.3	-12.9	1.3	12.9
870.00	5.40	63.2	35.7	34.84	-1.3	-12.9	1.3	12.9
875.00	5.40	63.5	35.8	34.96	-1.3	-12.9	1.3	12.9
880.00	5.40	63.6	35.9	35.05	-1.3	-13	1.3	13
885.00	5.30	63.7	36	35.13	-1.3	-13	1.3	13
890.00	5.40	63.9	36.1	35.22	-1.3	-13	1.3	13
895.00	5.40	64	36.1	35.28	-1.3	-13	1.3	13
900.00	5.30	64.1	36.2	35.34	-1.3	-13.1	1.3	13.1
905.00	5.30	64.2	36.2	35.38	-1.3	-13.1	1.3	13.1
910.00	5.40	64.4	36.3	35.43	-1.3	-13.1	1.3	13.1
915.00	5.30	64.5	36.3	35.47	-1.3	-13.1	1.3	13.1
920.00	5.40	64.6	36.4	35.52	-1.3	-13.1	1.3	13.1
925.00	5.40	64.7	36.4	35.55	-1.3	-13.1	1.3	13.1
930.00	5.40	64.7	36.5	35.56	-1.3	-13.1	1.3	13.1
935.00	5.40	64.7	36.5	35.61	-1.3	-13.1	1.3	13.1
940.00	5.30	64.8	36.5	35.64	-1.3	-13.1	1.3	13.1
945.00	5.40	64.8	36.5	35.64	-1.3	-13.1	1.3	13.1
950.00	5.30	64.8	36.5	35.67	-1.3	-13.2	1.3	13.2
955.00	5.40	64.8	36.6	35.7	-1.3	-13.2	1.3	13.2
960.00	5.40	64.9	36.6	35.71	-1.3	-13.2	1.3	13.2
965.00	5.40	64.9	36.6	35.73	-1.3	-13.2	1.3	13.2
970.00	5.40	64.9	36.6	35.74	-1.3	-13.2	1.3	13.2
975.00	5.30	64.9	36.6	35.74	-1.3	-13.2	1.3	13.2
980.00	5.40	65	36.7	35.76	-1.3	-13.2	1.3	13.2
985.00	5.30	64.9	36.7	35.77	-1.3	-13.2	1.3	13.2
990.00	5.30	65	36.7	35.79	-1.3	-13.2	1.3	13.2
995.00	5.30	65	36.7	35.79	-1.3	-13.2	1.3	13.2
1000.00	5.40	65	36.7	35.82	-1.3	-13.2	1.3	13.2
1005.00	5.40	65	36.7	35.82	-1.3	-13.2	1.3	13.2
1010.00	5.40	65	36.7	35.82	-1.3	-13.2	1.3	13.2
1015.00	5.30	65.1	36.7	35.83	-1.3	-13.2	1.3	13.2
1020.00	5.30	65.1	36.7	35.83	-1.3	-13.2	1.3	13.2
1025.00	5.30	65.1	36.7	35.85	-1.3	-13.2	1.3	13.2
1030.00	5.30	65.1	36.7	35.86	-1.3	-13.2	1.3	13.2
1035.00	5.40	65.1	36.7	35.86	-1.3	-13.2	1.3	13.2
1040.00	5.30	65.1	36.7	35.86	-1.3	-13.2	1.3	13.2
1045.00	5.30	65.1	36.8	35.86	-1.3	-13.2	1.3	13.2
1050.00	5.40	65.1	36.8	35.86	-1.3	-13.2	1.3	13.2
1055.00	5.30	65.1	36.8	35.86	-1.3	-13.2	1.3	13.2
1060.00	5.30	65.1	36.8	35.86	-1.3	-13.2	1.3	13.2
1065.00	5.40	65.2	36.8	35.86	-1.3	-13.2	1.3	13.2
1070.00	5.30	65.2	36.8	35.86	-1.3	-13.2	1.3	13.2
1075.00	5.30	65.2	36.8	35.88	-1.3	-13.2	1.3	13.2
1080.00	5.40	65.2	36.8	35.88	-1.3	-13.2	1.3	13.2
1085.00	5.30	65.2	36.8	35.88	-1.3	-13.2	1.3	13.2
1090.00	5.30	65.2	36.8	35.88	-1.3	-13.2	1.3	13.2
1095.00	5.30	65.2	36.8	35.88	-1.3	-13.3	1.3	13.3
1100.00	5.30	65.2	36.8	35.88	-1.3	-13.3	1.3	13.3
1105.00	5.30	65.3	36.8	35.88	-1.3	-13.3	1.3	13.3
1110.00	5.30	65.3	36.8	35.89	-1.3	-13.3	1.3	13.3
1115.00	5.30	65.3	36.8	35.89	-1.3	-13.3	1.3	13.3
1120.00	5.40	65.3	36.8	35.89	-1.3	-13.3	1.3	13.3
1125.00	5.40	65.3	36.8	35.91	-1.3	-13.3	1.3	13.3
1130.00	5.30	65.3	36.8	35.91	-1.3	-13.3	1.3	13.3
1135.00	5.40	65.3	36.8	35.91	-1.3	-13.3	1.3	13.3
1140.00	5.40	65.3	36.8	35.91	-1.3	-13.3	1.3	13.3
1145.00	5.30	65.3	36.8	35.91	-1.3	-13.3	1.3	13.3
1150.00	5.30	65.3	36.8	35.91	-1.3	-13.3	1.3	13.3
1155.00	5.40	65.3	36.8	35.92	-1.3	-13.3	1.3	13.3
1160.00	5.40	65.3	36.8	35.92	-1.3	-13.3	1.3	13.3
1165.00	5.40	65.4	36.8	35.92	-1.3	-13.3	1.3	13.3
1170.00	5.30	65.4	36.8	35.92	-1.3	-13.3	1.3	13.3
1175.00	5.10	65.4	36.9	35.92	-1.3	-13.3	1.3	13.3
1180.00	5.00	65.4	36.8	35.91	-1.3	-13.3	1.3	13.3
1185.00	4.90	65.4	36.9	35.91	-1.3	-13.3	1.3	13.3
1190.00	4.70	65.4	36.9	35.91	-1.3	-13.3	1.3	13.3
1195.00	4.60	65.4	36.9	35.91	-1.3	-13.3	1.3	13.3
1200.00	4.50	65.4	36.9	35.91	-1.3	-13.3	1.3	13.3
1205.00	4.40	65.4	36.9	35.91	-1.3	-13.3	1.3	13.3
1210.00	4.30	65.4	36.9	35.89	-1.3	-13.3	1.3	13.3
1215.00	4.10	65.4	36.8	35.76	-1.3	-13.3	1.3	13.3
1220.00	4.00	65.4	36.8	35.68	-1.3	-13.3	1.3	13.3
1225.00	3.90	65.2	36.8	35.59	-1.3	-13.3	1.3	13.3
1230.00	3.80	65.1	36.8	35.5	-1.3	-13.3	1.3	13.3
1235.00	3.70	64.9	36.8	35.41	-1.3	-13.3	1.3	13.3
1240.00	3.50	64.8	36.7	35.31	-1.3	-13.3	1.3	13.3
1245.00	3.40	64.7	36.6	35.22	-1.3	-13.3	1.3	13.3
1250.00	3.30	64.6	36.5	35.1	-1.3	-13.3	1.3	13.3
1255.00	3.20	64.5	36.4	34.98	-1.3	-13.3	1.3	13.3
1260.00	3.00	64.1	36.3	34.84	-1.3	-13.3	1.3	13.3
1265.00	2.90	63.9	36.1	34.71	-1.3	-13.3	1.3	13.3
1270.00	2.80	63.7	36	34.54	-1.3	-13.3	1.3	13.3
1275.00	2.70	63.4	35.8	34.38	-1.3	-13.2	1.3	13.2
1280.00	2.80	63.2	35.7	34.27	-1.3	-13.2	1.3	13.2
1285.00	2.90	63.2	35.7	34.27	-1.3	-13.2	1.3	13.2
1290.00	3.00	63.2	35.7	34.27	-1.3	-13.2	1.3	13.2
1295.00	3.20	63.2	35.7	34.27	-1.3	-13.2	1.3	13.2
1300.00	3.20	63.2	35.7	34.27	-1.3	-13.2	1.3	13.2
1305.00	3.40	63.2	35.7	34.27	-1.3	-13.2	1.3	13.2
1310.00	3.50	63.2	35.7	34.27	-1.3	-13.2	1.3	13.2
1315.00	3.60	63.2	35.7	34.27	-1.3	-13.2	1.3	13.2
1320.00	3.70	63.2	35.7	34.29	-1.3	-13.2	1.3	13.2
1325.00	3.90	63.2	35.7	34.38	-1.3	-13.2	1.3	13.2
1330.00	4.00	63.4	35.7	34.5	-1.3	-13.2	1.3	13.2
1335.00	4.10	63.6	35.7	34.59	-1.3	-13.2	1.3	13.2
1340.00	4.30	63.7	35.8	34.71	-1.3	-13.2	1.3	13.2
1345.00	4.40	63.7	35.9	34.84	-1.3	-13.2	1.3	13.2
1350.00	4.50	63.9	36	34.96	-1.3	-13.2	1.3	13.2
1355.00	4.60	64.1	36.1	35.07	-1.3	-13.2	1.3	13.2
1360.00	4.70	64.4	36.3	35.2	-1.3	-13.3	1.3	13.3
1365.00	4.90	64.6	36.4	35.31	-1.3	-13.3	1.3	13.3
1370.00	5.00	64.8	36.5	35.43	-1.3	-13.3	1.3	13.3
1375.00	5.10	64.9	36.6	35.58	-1.3	-13.4	1.3	13.4
1380.00	5.30	65	36.7	35.68	-1.3	-13.4	1.3	13.4
1385.00	5.40	65.3	36.9	35.83	-1.3	-13.4	1.3	13.4
1390.00	5.40	65.4	36.9	35.86	-1.3	-13.4	1.3	13.4
1395.00	5.40	65.5	36.9	35.88	-1.3	-13.5	1.3	13.5
1400.00	5.40	65.5	37	35.89	-1.3	-13.5	1.3	13.5
1405.00	5.40	65.5	37	35.92	-1.3	-13.5	1.3	13.5
1410.00	5.40	65.6	37	35.94	-1.3	-13.5	1.3	13.5
1415.00	5.40	65.6	37	35.94	-1.3	-13.5	1.3	13.5
1420.00	5.40	65.7	37	36.01	-1.3	-13.5	1.3	13.5
1425.00	5.60	65.9	37.2	36.13	-1.3	-13.5	1.3	13.5
1430.00	5.70	66.2	37.3	36.33	-1.3	-13.6	1.3	13.6
1435.00	5.80	66.6	37.5	36.55	-1.3	-13.7	1.3	13.7
1440.00	5.90	67.3	37.9	36.99	-1.3	-13.9	1.3	13.9
1445.00	6.10	68.2	38.4	37.48	-1.3	-14.1	1.3	14.1
1450.00	6.20	69.5	39.1	38.22	-1.3	-14.4	1.3	14.4
1455.00	6.30	70.6	39.7	38.89	-1.3	-14.7	1.3	14.7
1460.00	6.40	72.3	40.6	39.78	-1.3	-15	1.3	15
1465.00	6.60	74	41.5	40.78	-1.3	-15.3	1.3	15.3
1470.00	6.70	75.6	42.4	41.65	-1.3	-15.7	1.3	15.7
1475.00	6.80	77.4	43.4	42.69	-1.3	-16.1	1.3	16.1
1480.00	6.90	78.9	44.3	43.51	-1.3	-16.4	1.3	16.4
1485.00	7.10	80.4	45.2	44.41	-1.3	-16.7	1.3	16.7
1490.00	7.20	81.6	45.9	45.15	-1.4	-16.9	1.4	16.9
1495.00	7.30	83.2	46.8	46.05	-1.4	-17.2	1.4	17.2
1500.00	7.40	84.6	47.6	46.89	-1.4	-17.4	1.4	17.4
1505.00	7.50	86.2	48.5	47.79	-0.3	-17.8	
