F	w1versuch4	w1
0.00	0.00	0.00
1.10	1.60	1.68
1.30	1.70	1.99
1.40	1.80	2.14
1.50	1.90	2.30
1.70	2.00	2.60
1.70	2.10	2.60
1.90	2.30	2.91
2.00	2.40	3.06
2.10	2.60	3.21
2.20	2.70	3.37
2.40	2.80	3.67
2.50	2.90	3.83
2.60	3.10	3.98
2.70	3.20	4.13
2.60	3.20	3.98
2.60	3.30	3.98
2.60	3.40	3.98
2.60	3.40	3.98
2.70	3.40	4.13
2.60	3.40	3.98
2.60	3.50	3.98
2.70	3.50	4.13
2.60	3.50	3.98
2.60	3.50	3.98
2.60	3.60	3.98
2.60	3.60	3.98
2.60	3.60	3.98
2.60	3.60	3.98
2.70	3.60	4.13
2.60	3.60	3.98
2.60	3.60	3.98
2.70	3.60	4.13
2.60	3.70	3.98
2.70	3.70	4.13
2.60	3.70	3.98
2.70	3.70	4.13
2.60	3.70	3.98
2.70	3.80	4.13
2.90	3.90	4.44
3.00	4.00	4.59
3.10	4.10	4.75
3.20	4.20	4.90
3.40	4.30	5.20
3.50	4.60	5.36
3.60	4.70	5.51
3.70	4.90	5.66
3.90	5.10	5.97
4.00	5.20	6.12
4.10	5.40	6.28
4.20	5.70	6.43
4.30	5.90	6.58
4.50	6.10	6.89
4.60	6.20	7.04
4.70	6.40	7.19
4.80	6.60	7.35
5.00	6.90	7.65
5.10	7.00	7.81
5.20	7.30	7.96
5.40	7.50	8.27
5.40	7.70	8.27
5.40	7.80	8.27
5.40	7.80	8.27
5.40	7.90	8.27
5.40	8.00	8.27
5.40	8.00	8.27
5.40	8.10	8.27
5.40	8.20	8.27
5.40	8.20	8.27
5.40	8.30	8.27
5.40	8.40	8.27
5.40	8.40	8.27
5.40	8.50	8.27
5.40	8.50	8.27
5.40	8.50	8.27
5.40	8.60	8.27
5.40	8.60	8.27
5.40	8.60	8.27
5.40	8.70	8.27
5.40	8.70	8.27
5.40	8.80	8.27
5.40	8.80	8.27
5.40	8.80	8.27
5.40	8.90	8.27
5.40	8.90	8.27
5.40	9.00	8.27
5.30	9.00	8.11
5.40	9.00	8.27
5.40	9.00	8.27
5.40	9.10	8.27
5.40	9.10	8.27
5.40	9.20	8.27
5.40	9.20	8.27
5.40	9.20	8.27
5.40	9.20	8.27
5.40	9.30	8.27
5.40	9.30	8.27
5.40	9.30	8.27
5.40	9.30	8.27
5.40	9.40	8.27
5.40	9.40	8.27
5.40	9.40	8.27
5.40	9.40	8.27
5.40	9.50	8.27
5.40	9.50	8.27
5.40	9.60	8.27
5.40	9.60	8.27
5.40	9.60	8.27
5.40	9.70	8.27
5.40	9.70	8.27
5.40	9.70	8.27
5.40	9.80	8.27
5.40	10.00	8.27
5.30	10.10	8.11
5.40	10.20	8.27
5.40	10.40	8.27
5.40	10.50	8.27
5.40	10.60	8.27
5.40	10.70	8.27
5.20	11.20	7.96
4.90	12.80	7.50
5.10	14.80	7.81
4.70	16.80	7.19
4.80	18.30	7.35
5.10	20.20	7.81
5.30	21.80	8.11
5.70	23.90	8.73
5.70	25.40	8.73
5.40	25.70	8.27
5.30	26.20	8.11
5.40	26.60	8.27
5.40	27.10	8.27
5.30	27.70	8.11
4.90	30.20	7.50
4.70	33.60	7.19
5.00	36.10	7.65
5.20	38.10	7.96
5.40	40.60	8.27
5.60	42.60	8.57
5.70	44.80	8.73
5.40	45.40	8.27
5.40	45.70	8.27
5.40	46.20	8.27
5.30	46.60	8.11
5.40	47.10	8.27
5.40	47.50	8.27
5.40	48.10	8.27
5.40	48.50	8.27
5.30	49.00	8.11
5.40	49.70	8.27
5.30	50.10	8.11
5.40	50.60	8.27
5.30	51.20	8.11
5.40	51.90	8.27
5.40	52.30	8.27
5.40	53.10	8.27
5.40	53.50	8.27
5.40	54.20	8.27
5.30	54.70	8.11
5.30	55.30	8.11
5.30	55.90	8.11
5.40	56.40	8.27
5.30	57.00	8.11
5.30	57.60	8.11
5.30	58.20	8.11
5.30	58.90	8.11
5.40	59.70	8.27
5.40	60.50	8.27
5.40	61.00	8.27
5.40	61.50	8.27
5.40	62.00	8.27
5.30	62.30	8.11
5.40	62.60	8.27
5.40	63.00	8.27
5.40	63.20	8.27
5.40	63.50	8.27
5.40	63.60	8.27
5.30	63.70	8.11
5.40	63.90	8.27
5.40	64.00	8.27
5.30	64.10	8.11
5.30	64.20	8.11
5.40	64.40	8.27
5.30	64.50	8.11
5.40	64.60	8.27
5.40	64.70	8.27
5.40	64.70	8.27
5.40	64.70	8.27
5.30	64.80	8.11
5.40	64.80	8.27
5.30	64.80	8.11
5.40	64.80	8.27
5.40	64.90	8.27
5.40	64.90	8.27
5.40	64.90	8.27
5.30	64.90	8.11
5.40	65.00	8.27
5.30	64.90	8.11
5.30	65.00	8.11
5.30	65.00	8.11
5.40	65.00	8.27
5.40	65.00	8.27
5.40	65.00	8.27
5.30	65.10	8.11
5.30	65.10	8.11
5.30	65.10	8.11
5.30	65.10	8.11
5.40	65.10	8.27
5.30	65.10	8.11
5.30	65.10	8.11
5.40	65.10	8.27
5.30	65.10	8.11
5.30	65.10	8.11
5.40	65.20	8.27
5.30	65.20	8.11
5.30	65.20	8.11
5.40	65.20	8.27
5.30	65.20	8.11
5.30	65.20	8.11
5.30	65.20	8.11
5.30	65.20	8.11
5.30	65.30	8.11
5.30	65.30	8.11
5.30	65.30	8.11
5.40	65.30	8.27
5.40	65.30	8.27
5.30	65.30	8.11
5.40	65.30	8.27
5.40	65.30	8.27
5.30	65.30	8.11
5.30	65.30	8.11
5.40	65.30	8.27
5.40	65.30	8.27
5.40	65.40	8.27
5.30	65.40	8.11
5.10	65.40	7.81
5.00	65.40	7.65
4.90	65.40	7.50
4.70	65.40	7.19
4.60	65.40	7.04
4.50	65.40	6.89
4.40	65.40	6.74
4.30	65.40	6.58
4.10	65.40	6.28
4.00	65.40	6.12
3.90	65.20	5.97
3.80	65.10	5.82
3.70	64.90	5.66
3.50	64.80	5.36
3.40	64.70	5.20
3.30	64.60	5.05
3.20	64.50	4.90
3.00	64.10	4.59
2.90	63.90	4.44
2.80	63.70	4.29
2.70	63.40	4.13
2.80	63.20	4.29
2.90	63.20	4.44
3.00	63.20	4.59
3.20	63.20	4.90
3.20	63.20	4.90
3.40	63.20	5.20
3.50	63.20	5.36
3.60	63.20	5.51
3.70	63.20	5.66
3.90	63.20	5.97
4.00	63.40	6.12
4.10	63.60	6.28
4.30	63.70	6.58
4.40	63.70	6.74
4.50	63.90	6.89
4.60	64.10	7.04
4.70	64.40	7.19
4.90	64.60	7.50
5.00	64.80	7.65
5.10	64.90	7.81
5.30	65.00	8.11
5.40	65.30	8.27
5.40	65.40	8.27
5.40	65.50	8.27
5.40	65.50	8.27
5.40	65.50	8.27
5.40	65.60	8.27
5.40	65.60	8.27
5.40	65.70	8.27
5.60	65.90	8.57
5.70	66.20	8.73
5.80	66.60	8.88
5.90	67.30	9.03
6.10	68.20	9.34
6.20	69.50	9.49
6.30	70.60	9.64
6.40	72.30	9.80
6.60	74.00	10.10
6.70	75.60	10.26
6.80	77.40	10.41
6.90	78.90	10.56
7.10	80.40	10.87
7.20	81.60	11.02
7.30	83.20	11.17
7.40	84.60	11.33
7.50	86.20	11.48
