Time	u1	u2	u3	u555	u444	u5	u4	F	u 5.2
0.00	0	0	0	0	0	0	0	0	0
1.00	0.4	0.4	0.5	-0.2	0	0.2	0	0.1	9.91
6.00	0.4	0.4	0.5	-0.2	0	0.2	0	0.1	9.91
11.00	0.4	0.4	0.5	-0.2	0	0.2	0	0.2	9.91
16.00	0.5	0.4	0.5	-0.2	0	0.2	0	0.4	9.91
21.00	0.5	0.4	0.6	-0.2	0	0.2	0	0.5	9.96
26.00	0.6	0.5	0.6	-0.2	0	0.2	0	0.6	10.03
31.00	0.7	0.5	0.7	-0.2	0	0.2	0	0.7	10.09
36.00	0.8	0.6	0.7	-0.2	0	0.2	0	0.9	10.17
41.00	0.8	0.6	0.9	-0.2	0	0.2	0	1	10.27
46.00	1	0.7	0.9	-0.2	0	0.2	0	1.1	10.36
51.00	1	0.8	1	-0.2	0	0.2	0	1.3	10.45
56.00	1.1	0.9	1	-0.2	0	0.2	0	1.4	10.57
61.00	1.2	0.9	1.1	-0.2	0	0.2	0	1.5	10.65
66.00	1.3	1	1.1	-0.2	0	0.2	0	1.7	10.71
71.00	1.4	1	1.2	-0.2	0	0.2	0	1.8	10.78
76.00	1.5	1.1	1.2	-0.2	0	0.2	0	1.9	10.86
81.00	1.6	1.2	1.3	-0.2	0	0.2	0	2	10.92
86.00	1.6	1.3	1.4	-0.2	0	0.2	0	2.1	10.98
91.00	1.7	1.3	1.4	-0.2	0	0.2	0	2.2	11.05
96.00	1.8	1.4	1.5	-0.2	0	0.2	0	2.4	11.13
101.00	1.9	1.5	1.6	-0.2	0	0.2	0	2.5	11.2
106.00	2	1.6	1.7	-0.2	0	0.2	0	2.6	11.26
111.00	2	1.6	1.8	-0.2	0	0.2	0	2.7	11.31
116.00	2	1.6	1.8	-0.2	0	0.2	0	2.7	11.31
121.00	2	1.6	1.8	-0.2	0	0.2	0	2.7	11.31
126.00	2	1.6	1.8	-0.2	0	0.2	0	2.7	11.31
131.00	2	1.6	1.8	-0.2	0	0.2	0	2.7	11.31
136.00	2	1.6	1.8	-0.2	0	0.2	0	2.7	11.31
141.00	2	1.6	1.8	-0.2	0	0.2	0	2.7	11.34
146.00	2.2	1.6	1.8	-0.2	0	0.2	0	2.9	11.41
151.00	2.3	1.7	1.9	-0.2	0	0.2	0	3	11.47
156.00	2.4	1.8	2	-0.2	0	0.2	0	3.1	11.55
161.00	2.4	1.8	2	-0.2	0	0.2	0	3.2	11.61
166.00	2.5	1.9	2.1	-0.2	0	0.2	0	3.4	11.68
171.00	2.6	1.9	2.1	-0.2	0	0.2	0	3.5	11.76
176.00	2.7	2	2.2	-0.2	0	0.2	0	3.6	11.83
181.00	2.7	2.1	2.3	-0.2	0	0.2	0	3.8	11.89
186.00	2.9	2.1	2.4	-0.2	0	0.2	0	3.9	11.95
191.00	2.9	2.2	2.5	-0.2	0	0.2	0	4	12.03
196.00	3	2.3	2.5	-0.2	0	0.2	0	4.1	12.1
201.00	3.1	2.4	2.6	-0.2	0	0.2	0	4.2	12.18
206.00	3.2	2.5	2.7	-0.2	0	0.2	0	4.3	12.24
211.00	3.3	2.5	2.7	-0.2	0	0.2	0	4.5	12.33
216.00	3.4	2.6	2.8	-0.2	0	0.2	0	4.6	12.4
221.00	3.5	2.6	2.8	-0.2	0	0.2	0	4.7	12.46
226.00	3.6	2.7	2.9	-0.2	0	0.2	0	4.9	12.54
231.00	3.7	2.7	3	-0.2	0	0.2	0	5	12.63
236.00	3.7	2.8	3.1	-0.2	0	0.2	0	5.1	12.72
241.00	3.8	2.9	3.2	-0.2	0	0.2	0	5.2	12.79
246.00	4	3	3.2	-0.2	0	0.2	0	5.3	12.87
251.00	4	3	3.3	-0.2	0	0.2	0	5.4	12.9
256.00	4	3	3.3	-0.2	0	0.2	0	5.4	12.9
261.00	4	3	3.3	-0.2	0	0.2	0	5.4	12.9
266.00	4	3	3.3	-0.2	0	0.2	0	5.4	12.91
271.00	4	3	3.3	-0.2	0	0.2	0	5.4	12.91
276.00	4	3	3.3	-0.2	0	0.2	0	5.4	12.91
281.00	4	3	3.3	-0.2	0	0.2	0	5.4	12.91
286.00	4	3	3.3	-0.2	0	0.2	0	5.3	12.91
291.00	4	3	3.3	-0.2	0	0.2	0	5.2	12.91
296.00	4	3	3.3	-0.2	0	0.2	0	5.1	12.91
301.00	4	3	3.3	-0.2	0	0.2	0	4.9	12.91
306.00	4	3	3.3	-0.2	0	0.2	0	4.8	12.91
311.00	4	3	3.2	-0.2	0	0.2	0	4.7	12.82
316.00	4	2.9	3.3	-0.2	0	0.2	0	4.6	12.73
321.00	4	2.9	3.3	-0.2	0	0.2	0	4.5	12.64
326.00	3.8	2.8	3.3	-0.2	0	0.2	0	4.3	12.57
331.00	3.8	2.7	3.3	-0.2	0	0.2	0	4.2	12.49
336.00	3.7	2.7	3.3	-0.2	0	0.2	0	4.1	12.4
341.00	3.7	2.7	3.2	-0.2	0	0.2	0	4	12.33
346.00	3.6	2.6	3.2	-0.2	0	0.2	0	3.8	12.28
351.00	3.5	2.6	3.1	-0.2	0	0.2	0	3.7	12.21
356.00	3.4	2.5	3	-0.2	0	0.2	0	3.6	12.12
361.00	3.3	2.5	2.9	-0.2	0	0.2	0	3.5	12.07
366.00	3.2	2.4	2.9	-0.2	0	0.2	0	3.4	12.01
371.00	3.2	2.3	2.8	-0.2	0	0.2	0	3.2	11.94
376.00	3.1	2.2	2.7	-0.2	0	0.2	0	3.1	11.89
381.00	3	2.2	2.7	-0.2	0	0.2	0	3	11.82
386.00	2.9	2.1	2.6	-0.2	0	0.2	0	2.8	11.76
391.00	2.9	2	2.6	-0.2	0	0.2	0	2.7	11.68
396.00	2.8	2	2.5	-0.2	0	0.2	0	2.7	11.65
401.00	2.8	2	2.5	-0.2	0	0.2	0	2.9	11.65
406.00	2.8	2	2.5	-0.2	0	0.2	0	3	11.65
411.00	2.8	2	2.5	-0.2	0	0.2	0	3.1	11.65
416.00	2.8	2	2.5	-0.2	0	0.2	0	3.2	11.68
421.00	2.9	2	2.6	-0.2	0	0.2	0	3.4	11.76
426.00	2.9	2.1	2.6	-0.2	0	0.2	0	3.5	11.82
431.00	2.9	2.2	2.6	-0.2	0	0.2	0	3.6	11.88
436.00	3	2.2	2.5	-0.2	0	0.2	0	3.8	11.94
441.00	3.1	2.3	2.6	-0.2	0	0.2	0	3.9	12.01
446.00	3.1	2.4	2.6	-0.2	0	0.2	0	4	12.12
451.00	3.2	2.5	2.7	-0.2	0	0.2	0	4.1	12.19
456.00	3.3	2.5	2.8	-0.2	0	0.2	0	4.2	12.31
461.00	3.4	2.6	2.8	-0.2	0	0.2	0	4.3	12.4
466.00	3.5	2.6	2.9	-0.2	0	0.2	0	4.5	12.46
471.00	3.6	2.7	2.9	-0.2	0	0.2	0	4.6	12.54
476.00	3.7	2.7	3	-0.2	0	0.2	0	4.7	12.61
481.00	3.7	2.8	3.1	-0.2	0	0.2	0	4.9	12.67
486.00	3.8	2.8	3.2	-0.2	0	0.2	0	5	12.75
491.00	3.9	2.9	3.2	-0.2	0	0.2	0	5.1	12.81
496.00	4	3	3.3	-0.2	0	0.2	0	5.2	12.88
501.00	4.1	3	3.4	-0.2	0	0.2	0	5.3	12.94
506.00	4.2	3.1	3.4	-0.2	0	0.2	0	5.5	13.02
511.00	4.3	3.1	3.5	-0.2	0	0.2	0	5.6	13.09
516.00	4.3	3.3	3.6	-0.2	0	0.2	0	5.7	13.17
521.00	4.4	3.3	3.6	-0.2	0	0.2	0	5.9	13.24
526.00	4.6	3.4	3.7	-0.2	0	0.2	0	6	13.32
531.00	4.7	3.5	3.8	-0.2	0	0.2	0	6.1	13.38
536.00	4.8	3.6	3.9	-0.2	0	0.2	0	6.2	13.47
541.00	4.9	3.7	4	-0.2	0	0.2	0	6.3	13.54
546.00	5	3.7	4	-0.2	0	0.2	0	6.4	13.62
551.00	5.1	3.8	4.1	-0.2	0	0.2	0	6.6	13.71
556.00	5.2	3.9	4.2	-0.2	0	0.2	0	6.7	13.77
561.00	5.3	4	4.3	-0.2	0	0.2	0	6.8	13.87
566.00	5.3	4	4.3	-0.2	0	0.2	0	6.9	13.93
571.00	5.4	4.1	4.3	-0.2	0	0.2	0	7.1	14.01
576.00	5.6	4.2	4.4	-0.2	0	0.2	0	7.2	14.1
581.00	5.6	4.2	4.5	-0.2	0	0.2	0	7.3	14.29
586.00	5.7	4.2	4.5	-0.2	-0.1	0.2	0.1	7.3	16.12
591.00	5.7	4.3	4.6	-0.2	-0.1	0.2	0.1	7.4	18.97
596.00	6.1	4.7	4.8	-0.2	-0.1	0.2	0.1	8.2	21.12
601.00	6.2	4.7	5	-0.2	-0.1	0.2	0.1	7.9	20.98
606.00	6.2	4.7	5	-0.2	-0.1	0.2	0.1	8	20.98
611.00	6.2	4.7	5	-0.2	-0.1	0.2	0.1	8.1	21.03
616.00	6.3	4.7	5	-0.2	-0.1	0.2	0.1	8.1	21.04
621.00	6.3	4.7	5	-0.2	-0.1	0.2	0.1	8.1	21.04
626.00	6.3	4.7	5	-0.2	-0.1	0.2	0.1	8.1	21.04
631.00	6.3	4.7	5	-0.2	-0.1	0.2	0.1	8.1	21.04
636.00	6.3	4.7	5	-0.2	-0.1	0.2	0.1	8.1	21.04
641.00	6.3	4.7	5	-0.2	-0.1	0.2	0.1	8.1	21.06
646.00	6.3	4.7	5	-0.2	-0.1	0.2	0.1	8.1	21.06
651.00	6.3	4.7	5	-0.2	-0.1	0.2	0.1	8.1	21.06
656.00	6.3	4.7	5	-0.2	-0.1	0.2	0.1	8.1	21.06
661.00	6.3	4.7	5	-0.2	-0.1	0.2	0.1	8.1	21.06
666.00	6.3	4.7	5	-0.2	-0.1	0.2	0.1	8.1	21.07
671.00	6.3	4.7	5	-0.2	-0.1	0.2	0.1	8.1	21.07
676.00	6.3	4.7	5	-0.2	-0.1	0.2	0.1	8.1	21.07
681.00	6.3	4.7	5	-0.2	-0.1	0.2	0.1	8.1	21.07
686.00	6.3	4.7	5	-0.2	-0.1	0.2	0.1	8.1	21.09
691.00	6.3	4.7	5	-0.2	-0.1	0.2	0.1	8.1	21.09
696.00	6.3	4.7	5	-0.2	-0.1	0.2	0.1	8.1	21.09
701.00	6.3	4.7	5	-0.2	-0.1	0.2	0.1	8.1	21.09
706.00	6.3	4.8	5	-0.2	-0.1	0.2	0.1	8.1	21.09
711.00	6.3	4.7	5	-0.2	-0.1	0.2	0.1	8.1	21.09
716.00	6.3	4.8	5	-0.2	-0.1	0.2	0.1	8.1	21.09
721.00	6.3	4.7	5	-0.2	-0.1	0.2	0.1	8.1	21.1
726.00	6.4	4.8	5	-0.2	-0.1	0.2	0.1	8.1	21.1
731.00	6.4	4.8	5	-0.2	-0.1	0.2	0.1	8.1	21.1
736.00	6.4	4.8	5	-0.2	-0.1	0.2	0.1	8.1	21.12
741.00	6.4	4.8	5	-0.2	-0.1	0.2	0.1	8.1	21.12
746.00	6.4	4.8	5	-0.2	-0.1	0.2	0.1	8.1	21.12
751.00	6.4	4.8	5	-0.2	-0.1	0.2	0.1	8.1	21.12
756.00	6.4	4.8	5	-0.2	-0.1	0.2	0.1	8.1	21.12
761.00	6.4	4.8	5	-0.2	-0.1	0.2	0.1	8.1	21.12
766.00	6.4	4.8	5	-0.2	-0.1	0.2	0.1	8.1	21.12
771.00	6.4	4.8	5	-0.2	-0.1	0.2	0.1	8.1	21.12
776.00	6.4	4.8	5	-0.2	-0.1	0.2	0.1	8.1	21.12
781.00	6.4	4.8	5	-0.2	-0.1	0.2	0.1	8.1	21.12
786.00	6.4	4.8	5	-0.2	-0.1	0.2	0.1	8.1	21.12
791.00	6.4	4.8	5	-0.2	-0.1	0.2	0.1	8.1	21.12
796.00	6.4	4.8	5	-0.2	-0.1	0.2	0.1	8.1	21.12
801.00	6.4	4.8	5	-0.2	-0.1	0.2	0.1	8.1	21.12
806.00	6.4	4.8	5	-0.2	-0.1	0.2	0.1	8.1	21.13
811.00	6.4	4.8	5	-0.2	-0.1	0.2	0.1	8.1	21.13
816.00	6.4	4.8	5	-0.2	-0.1	0.2	0.1	8.1	21.13
821.00	6.4	4.8	5	-0.2	-0.1	0.2	0.1	8.1	21.13
826.00	6.4	4.8	5	-0.2	-0.1	0.2	0.1	8.1	21.13
831.00	6.4	4.8	5	-0.2	-0.1	0.2	0.1	8.1	21.13
836.00	6.4	4.8	5	-0.2	-0.1	0.2	0.1	8.1	21.13
841.00	6.4	4.8	5	-0.2	-0.1	0.2	0.1	8.1	21.13
846.00	6.4	4.8	5	-0.2	-0.1	0.2	0.1	8.1	21.13
851.00	6.4	4.8	5	-0.2	-0.1	0.2	0.1	8.1	21.13
856.00	6.4	4.8	5	-0.2	-0.1	0.2	0.1	8.1	21.13
861.00	6.4	4.8	5	-0.2	-0.1	0.2	0.1	8.1	21.13
866.00	6.4	4.8	5	-0.2	-0.1	0.2	0.1	8.1	21.13
871.00	6.4	4.8	5	-0.2	-0.1	0.2	0.1	8.1	21.13
876.00	6.4	4.8	5	-0.2	-0.1	0.2	0.1	8.1	21.15
881.00	6.4	4.8	5	-0.2	-0.1	0.2	0.1	8.1	21.15
886.00	6.4	4.8	5	-0.2	-0.1	0.2	0.1	8.1	21.15
891.00	6.4	4.8	5	-0.2	-0.1	0.2	0.1	8.1	21.15
896.00	6.4	4.8	5	-0.2	-0.1	0.2	0.1	8.1	21.15
901.00	6.4	4.8	5	-0.2	-0.1	0.2	0.1	8.1	21.15
906.00	6.4	4.8	5	-0.2	-0.1	0.2	0.1	8.1	21.15
911.00	6.4	4.8	5	-0.2	-0.1	0.2	0.1	8.1	21.15
916.00	6.4	4.8	5	-0.2	-0.1	0.2	0.1	8.1	21.15
921.00	6.4	4.8	5	-0.2	-0.1	0.2	0.1	8.1	21.15
926.00	6.4	4.8	5	-0.2	-0.1	0.2	0.1	8.1	21.15
931.00	6.4	4.8	5	-0.2	-0.1	0.2	0.1	8.1	21.15
936.00	6.4	4.8	5	-0.2	-0.1	0.2	0.1	8.1	21.15
941.00	6.4	4.8	5	-0.2	-0.1	0.2	0.1	8.1	21.15
946.00	6.4	4.8	5	-0.2	-0.1	0.2	0.1	8.1	21.15
951.00	6.4	4.8	5	-0.2	-0.1	0.2	0.1	8.1	21.15
956.00	6.4	4.8	5	-0.2	-0.1	0.2	0.1	8.1	21.15
961.00	6.4	4.8	5	-0.2	-0.1	0.2	0.1	8.1	21.15
966.00	6.4	4.8	5	-0.2	-0.1	0.2	0.1	8.1	21.15
971.00	6.4	4.8	5	-0.2	-0.1	0.2	0.1	8.1	21.15
976.00	6.4	4.8	5	-0.2	-0.1	0.2	0.1	8.1	21.15
981.00	6.4	4.8	5	-0.2	-0.1	0.2	0.1	8.1	21.15
986.00	6.4	4.8	5	-0.2	-0.1	0.2	0.1	8.1	21.15
991.00	6.4	4.8	5	-0.2	-0.1	0.2	0.1	8.1	21.15
996.00	6.4	4.8	5	-0.2	-0.1	0.2	0.1	8.1	21.15
1001.00	6.4	4.8	5	-0.2	-0.1	0.2	0.1	8.1	21.15
1006.00	6.4	4.8	5	-0.2	-0.1	0.2	0.1	8.1	21.15
1011.00	6.4	4.8	5	-0.2	-0.1	0.2	0.1	8.1	21.15
1016.00	6.4	4.8	5	-0.2	-0.1	0.2	0.1	8.1	21.15
1021.00	6.4	4.8	5	-0.2	-0.1	0.2	0.1	8.1	21.15
1026.00	6.4	4.8	5	-0.2	-0.1	0.2	0.1	8.1	21.15
1031.00	6.4	4.8	5	-0.2	-0.1	0.2	0.1	8.1	21.15
1036.00	6.4	4.8	5	-0.2	-0.1	0.2	0.1	8.1	21.15
1041.00	6.4	4.8	5	-0.2	-0.1	0.2	0.1	8.1	21.15
1046.00	6.4	4.8	5	-0.2	-0.1	0.2	0.1	8.1	21.15
1051.00	6.4	4.8	5	-0.2	-0.1	0.2	0.1	8.1	21.15
1056.00	6.4	4.8	5	-0.2	-0.1	0.2	0.1	8.1	21.15
1061.00	6.4	4.8	5	-0.2	-0.1	0.2	0.1	8.1	21.15
1066.00	6.4	4.8	5	-0.2	-0.1	0.2	0.1	8.1	21.15
1071.00	6.4	4.8	5	-0.2	-0.1	0.2	0.1	8.1	21.15
1076.00	6.4	4.8	5	-0.2	-0.1	0.2	0.1	8.1	21.15
1081.00	6.4	4.8	5	-0.2	-0.1	0.2	0.1	8.1	21.15
1086.00	6.4	4.8	5	-0.2	-0.1	0.2	0.1	8.1	21.15
1091.00	6.4	4.8	5	-0.2	-0.1	0.2	0.1	8.1	21.15
1096.00	6.4	4.8	5	-0.2	-0.1	0.2	0.1	8.1	21.15
1101.00	6.4	4.8	5	-0.2	-0.1	0.2	0.1	8.1	21.15
1106.00	6.4	4.8	5	-0.2	-0.1	0.2	0.1	8.1	21.15
1111.00	6.4	4.8	5	-0.2	-0.1	0.2	0.1	8.1	21.15
1116.00	6.4	4.8	5	-0.2	-0.1	0.2	0.1	8.1	21.16
1121.00	6.4	4.8	5	-0.2	-0.1	0.2	0.1	8.1	21.16
1126.00	6.4	4.8	5	-0.2	-0.1	0.2	0.1	8.1	21.16
1131.00	6.4	4.8	5	-0.2	-0.1	0.2	0.1	8.1	21.16
1136.00	6.4	4.8	5	-0.2	-0.1	0.2	0.1	8.1	21.16
1141.00	6.4	4.8	5	-0.2	-0.1	0.2	0.1	8.1	21.16
1146.00	6.4	4.8	5	-0.2	-0.1	0.2	0.1	8.1	21.15
1151.00	6.4	4.8	5	-0.2	-0.1	0.2	0.1	8.1	21.15
1156.00	6.4	4.8	5	-0.2	-0.1	0.2	0.1	8.1	21.15
1161.00	6.4	4.8	5	-0.2	-0.1	0.2	0.1	8.1	21.16
1166.00	6.4	4.8	5	-0.2	-0.1	0.2	0.1	8.1	21.16
1171.00	6.4	4.8	5	-0.2	-0.1	0.2	0.1	8.1	21.16
1176.00	6.4	4.8	5	-0.2	-0.1	0.2	0.1	8.1	21.16
1181.00	6.4	4.8	5	-0.2	-0.1	0.2	0.1	8.1	21.16
1186.00	6.4	4.8	5	-0.2	-0.1	0.2	0.1	8.1	21.16
1191.00	6.4	4.8	5	-0.2	-0.1	0.2	0.1	8.1	21.16
1196.00	6.4	4.8	5	-0.2	-0.1	0.2	0.1	8.1	21.16
1201.00	6.4	4.8	5	-0.2	-0.1	0.2	0.1	8.1	21.16
1206.00	6.4	4.8	5	-0.2	-0.1	0.2	0.1	8.1	21.16
1211.00	6.4	4.8	5	-0.2	-0.1	0.2	0.1	8.1	21.16
1216.00	6.5	4.9	5.1	-0.2	-0.1	0.2	0.1	8.3	21.27
1221.00	6.7	5	5.3	-0.2	-0.1	0.2	0.1	8.5	21.39
1226.00	6.8	5.1	5.4	-0.2	-0.1	0.2	0.1	8.8	21.54
1231.00	6.9	5.2	5.5	-0.2	-0.1	0.2	0.1	9.1	21.67
1236.00	7.1	5.4	5.6	-0.2	-0.1	0.2	0.1	9.3	21.81
1241.00	7.3	5.5	5.7	-0.2	-0.1	0.2	0.1	9.6	21.96
1246.00	7.4	5.6	5.8	-0.2	-0.1	0.2	0.1	9.8	22.09
1251.00	7.6	5.8	6	-0.2	-0.1	0.2	0.1	10	22.24
1256.00	7.8	5.9	6.1	-0.2	-0.1	0.2	0.1	10.3	22.41
1261.00	8	6	6.3	-0.2	-0.1	0.2	0.1	10.5	22.56
1266.00	8.1	6.2	6.4	-0.2	-0.1	0.2	0.1	10.8	22.69
1271.00	8.3	6.3	6.5	-0.2	-0.1	0.2	0.1	11	22.86
1276.00	8.5	6.5	6.6	-0.2	-0.1	0.2	0.1	11.3	23.02
1281.00	8.7	6.6	6.8	-0.3	-0.1	0.3	0.1	11.6	23.16
1286.00	8.8	6.7	7	-0.3	-0.1	0.3	0.1	11.8	23.29
1291.00	9	6.8	7.1	-0.3	-0.1	0.3	0.1	12	23.44
1296.00	9.2	7	7.2	-0.3	-0.1	0.3	0.1	12.3	23.61
1301.00	9.4	7.1	7.3	-0.3	-0.1	0.3	0.1	12.5	23.74
1306.00	9.6	7.2	7.4	-0.3	-0.1	0.3	0.1	12.8	23.89
1311.00	9.8	7.4	7.5	-0.3	-0.1	0.3	0.1	13	24.03
1316.00	10	7.5	7.7	-0.3	-0.1	0.3	0.1	13.3	24.21
1321.00	10.1	7.7	7.9	-0.3	-0.1	0.3	0.1	13.5	24.36
1326.00	10.3	7.7	8	-0.3	-0.1	0.3	0.1	13.8	24.48
1331.00	10.4	7.9	8.2	-0.3	-0.1	0.3	0.1	14	24.63
1336.00	10.7	8.1	8.3	-0.3	-0.1	0.3	0.1	14.3	24.79
1341.00	10.8	8.2	8.4	-0.3	-0.1	0.3	0.1	14.5	24.93
1346.00	11	8.3	8.6	-0.3	-0.1	0.3	0.1	14.8	25.06
1351.00	11.1	8.5	8.7	-0.3	-0.1	0.3	0.1	15	25.2
1356.00	11.2	8.5	8.7	-0.3	-0.1	0.3	0.1	15	25.21
1361.00	11.2	8.5	8.7	-0.3	-0.1	0.3	0.1	15	25.21
1366.00	11.2	8.6	8.7	-0.3	-0.1	0.3	0.1	15	25.23
1371.00	11.3	8.6	8.7	-0.3	-0.1	0.3	0.1	15	25.24
1376.00	11.3	8.6	8.8	-0.3	-0.1	0.3	0.1	15	25.27
1381.00	11.3	8.6	8.8	-0.3	-0.1	0.3	0.1	15	25.27
1386.00	11.4	8.7	8.9	-0.3	-0.1	0.3	0.1	15.2	25.39
1391.00	11.5	8.8	9	-0.3	-0.1	0.3	0.1	15.5	25.51
1396.00	11.8	8.9	9.1	-0.3	-0.1	0.3	0.1	15.8	25.68
1401.00	11.9	9	9.2	-0.3	-0.1	0.3	0.1	16	25.83
1406.00	12.1	9.2	9.3	-0.3	-0.1	0.3	0.1	16.2	25.96
1411.00	12.3	9.3	9.5	-0.3	-0.1	0.3	0.1	16.5	26.08
1416.00	12.5	9.4	9.7	-0.3	-0.1	0.3	0.1	16.7	26.25
1421.00	12.6	9.6	9.7	-0.3	-0.1	0.3	0.1	17	26.38
1426.00	12.8	9.7	9.9	-0.3	-0.1	0.3	0.1	17.2	26.52
1431.00	13	9.8	10	-0.3	-0.1	0.3	0.1	17.5	26.65
1436.00	13.2	10	10.1	-0.3	-0.1	0.3	0.1	17.7	26.82
1441.00	13.3	10.2	10.3	-0.3	-0.1	0.3	0.1	18	26.95
1446.00	13.5	10.3	10.5	-0.3	-0.1	0.3	0.1	18.2	27.1
1451.00	13.7	10.4	10.6	-0.3	-0.2	0.3	0.2	18.4	27.25
1456.00	13.9	10.5	10.8	-0.3	-0.2	0.3	0.2	18.7	27.4
1461.00	14.1	10.7	10.9	-0.3	-0.2	0.3	0.2	19	27.54
1466.00	14.2	10.9	11.1	-0.3	-0.2	0.3	0.2	19.2	27.69
1471.00	14.4	10.9	11.2	-0.3	-0.2	0.3	0.2	19.4	27.84
1476.00	14.6	11	11.4	-0.3	-0.2	0.3	0.2	19.7	27.99
1481.00	14.8	11.1	11.5	-0.3	-0.2	0.3	0.2	20	28.14
1486.00	15	11.4	11.6	-0.3	-0.2	0.3	0.2	20.2	28.29
1491.00	15.2	11.4	11.7	-0.3	-0.2	0.3	0.2	20.4	28.42
1496.00	15.4	11.7	11.9	-0.3	-0.2	0.3	0.2	20.7	28.57
1501.00	15.6	11.8	12	-0.3	-0.2	0.3	0.2	20.9	28.71
1506.00	15.8	12	12.1	-0.3	-0.2	0.3	0.2	21.2	28.87
1511.00	15.9	12.1	12.2	-0.3	-0.2	0.3	0.2	21.4	29.01
1516.00	16.2	12.3	12.3	-0.3	-0.2	0.3	0.2	21.7	29.17
1521.00	16.4	12.4	12.5	-0.3	-0.2	0.3	0.2	21.9	29.32
1526.00	16.5	12.5	12.7	-0.3	-0.2	0.3	0.2	22.2	29.46
1531.00	16.7	12.6	12.8	-0.3	-0.2	0.3	0.2	22.4	29.59
1536.00	16.9	12.8	13	-0.3	-0.2	0.3	0.2	22.7	29.74
1541.00	17.1	12.9	13.1	-0.3	-0.2	0.3	0.2	22.9	29.88
1546.00	17.3	13.1	13.2	-0.3	-0.2	0.3	0.2	23.2	30.03
1551.00	17.5	13.2	13.3	-0.3	-0.2	0.3	0.2	23.4	30.18
1556.00	17.6	13.3	13.4	-0.3	-0.2	0.3	0.2	23.7	30.34
1561.00	17.8	13.5	13.6	-0.3	-0.2	0.3	0.2	23.9	30.48
1566.00	18	13.6	13.7	-0.3	-0.2	0.3	0.2	24.2	30.61
1571.00	18.1	13.7	13.9	-0.3	-0.2	0.3	0.2	24.4	30.76
1576.00	18.3	13.9	14	-0.3	-0.2	0.3	0.2	24.7	30.93
1581.00	18.5	14.1	14.1	-0.3	-0.2	0.3	0.2	24.9	31.06
1586.00	18.6	14.1	14.2	-0.3	-0.2	0.3	0.2	25	31.14
1591.00	18.6	14.2	14.2	-0.3	-0.2	0.3	0.2	25	31.15
1596.00	18.6	14.2	14.2	-0.3	-0.2	0.3	0.2	25	31.18
1601.00	18.7	14.2	14.2	-0.3	-0.2	0.3	0.2	25	31.2
1606.00	18.7	14.2	14.2	-0.3	-0.2	0.3	0.2	25	31.21
1611.00	18.7	14.2	14.2	-0.3	-0.2	0.3	0.2	25	31.21
1616.00	18.9	14.3	14.4	-0.3	-0.2	0.3	0.2	25.2	31.32
1621.00	19	14.4	14.5	-0.3	-0.2	0.3	0.2	25.4	31.45
1626.00	19.2	14.5	14.6	-0.3	-0.2	0.3	0.2	25.7	31.59
1631.00	19.3	14.6	14.7	-0.3	-0.2	0.3	0.2	25.9	31.74
1636.00	19.5	14.8	14.9	-0.3	-0.2	0.3	0.2	26.2	31.9
1641.00	19.7	14.9	15	-0.3	-0.2	0.3	0.2	26.4	32.02
1646.00	19.9	15.1	15.1	-0.3	-0.2	0.3	0.2	26.6	32.16
1651.00	20	15.2	15.2	-0.3	-0.2	0.3	0.2	26.9	32.31
1656.00	20.2	15.4	15.4	-0.4	-0.2	0.4	0.2	27.2	32.47
1661.00	20.3	15.5	15.6	-0.4	-0.2	0.4	0.2	27.4	32.61
1666.00	20.5	15.7	15.7	-0.4	-0.2	0.4	0.2	27.6	32.76
1671.00	20.7	15.7	15.8	-0.4	-0.2	0.4	0.2	27.9	32.89
1676.00	20.9	15.9	16	-0.4	-0.2	0.4	0.2	28.2	33.06
1681.00	21	16	16.1	-0.4	-0.2	0.4	0.2	28.4	33.21
1686.00	21.3	16.1	16.2	-0.4	-0.2	0.4	0.2	28.6	33.34
1691.00	21.4	16.3	16.4	-0.4	-0.2	0.4	0.2	28.9	33.49
1696.00	21.6	16.5	16.5	-0.4	-0.2	0.4	0.2	29.1	33.67
1701.00	21.8	16.6	16.6	-0.4	-0.2	0.4	0.2	29.4	33.79
1706.00	22	16.7	16.8	-0.4	-0.2	0.4	0.2	29.7	33.94
1711.00	22.2	16.9	16.9	-0.4	-0.2	0.4	0.2	29.9	34.08
1716.00	22.4	17	17.1	-0.4	-0.2	0.4	0.2	30.1	34.26
1721.00	22.5	17.1	17.2	-0.4	-0.2	0.4	0.2	30.4	34.41
1726.00	22.7	17.3	17.3	-0.4	-0.2	0.4	0.2	30.6	34.54
1731.00	22.9	17.4	17.5	-0.4	-0.2	0.4	0.2	30.8	34.69
1736.00	23.1	17.6	17.6	-0.4	-0.2	0.4	0.2	31.1	34.86
1741.00	23.3	17.7	17.8	-0.4	-0.2	0.4	0.2	31.4	34.99
1746.00	23.5	17.8	18	-0.4	-0.2	0.4	0.2	31.6	35.14
1751.00	23.6	18	18.1	-0.4	-0.2	0.4	0.2	31.8	35.29
1756.00	23.9	18.1	18.3	-0.4	-0.2	0.4	0.2	32.1	35.46
1761.00	24.1	18.2	18.4	-0.4	-0.2	0.4	0.2	32.4	35.59
1766.00	24.2	18.3	18.5	-0.4	-0.2	0.4	0.2	32.6	35.74
1771.00	24.4	18.4	18.7	-0.4	-0.2	0.4	0.2	32.9	35.89
1776.00	24.6	18.6	18.8	-0.4	-0.2	0.4	0.2	33.1	36.06
1781.00	24.8	18.8	19	-0.4	-0.2	0.4	0.2	33.4	36.19
1786.00	25	18.9	19	-0.4	-0.2	0.4	0.2	33.6	36.31
1791.00	25.2	19.1	19.2	-0.4	-0.2	0.4	0.2	33.9	36.46
1796.00	25.3	19.3	19.4	-0.4	-0.2	0.4	0.2	34.1	36.64
1801.00	25.5	19.4	19.5	-0.4	-0.2	0.4	0.2	34.4	36.78
1806.00	25.7	19.5	19.7	-0.4	-0.2	0.4	0.2	34.6	36.91
1811.00	25.9	19.6	19.8	-0.4	-0.2	0.4	0.2	34.8	37.05
1816.00	26	19.7	19.9	-0.4	-0.2	0.4	0.2	35	37.17
1821.00	26	19.7	19.9	-0.4	-0.2	0.4	0.2	35	37.2
1826.00	26	19.8	20	-0.4	-0.2	0.4	0.2	35	37.23
1831.00	26.1	19.8	20	-0.4	-0.2	0.4	0.2	35	37.23
1836.00	26.1	19.8	20	-0.4	-0.2	0.4	0.2	35	37.26
1841.00	26.1	19.8	20	-0.4	-0.2	0.4	0.2	35	37.27
1846.00	26.1	19.8	20.1	-0.5	-0.2	0.5	0.2	35	37.29
1851.00	26.2	19.8	20.1	-0.4	-0.2	0.4	0.2	35	37.29
1856.00	26.2	19.9	20.1	-0.4	-0.2	0.4	0.2	35	37.32
1861.00	26.2	19.9	20.1	-0.5	-0.2	0.5	0.2	35	37.33
1866.00	26.2	19.9	20.1	-0.4	-0.2	0.4	0.2	35	37.33
1871.00	26.2	19.9	20.1	-0.5	-0.2	0.5	0.2	35	37.36
1876.00	26.2	19.9	20.1	-0.4	-0.2	0.4	0.2	35	37.38
1881.00	26.3	19.9	20.1	-0.4	-0.2	0.4	0.2	35	37.39
1886.00	26.3	19.9	20.1	-0.5	-0.2	0.5	0.2	35	37.39
1891.00	26.3	19.9	20.1	-0.5	-0.2	0.5	0.2	35	37.41
1896.00	26.3	19.9	20.1	-0.5	-0.2	0.5	0.2	35	37.41
1901.00	26.3	19.9	20.1	-0.5	-0.2	0.5	0.2	35	37.42
1906.00	26.3	20	20.1	-0.5	-0.2	0.5	0.2	35	37.44
1911.00	26.3	20	20.1	-0.5	-0.2	0.5	0.2	35	37.45
1916.00	26.3	20	20.1	-0.5	-0.2	0.5	0.2	35	37.45
1921.00	26.3	20	20.1	-0.5	-0.2	0.5	0.2	35	37.47
1926.00	26.3	20	20.2	-0.5	-0.2	0.5	0.2	35	37.47
1931.00	26.3	20	20.2	-0.5	-0.2	0.5	0.2	35	37.48
1936.00	26.3	20	20.2	-0.5	-0.2	0.5	0.2	35	37.5
1941.00	26.4	20	20.2	-0.5	-0.2	0.5	0.2	35	37.5
1946.00	26.4	20	20.2	-0.5	-0.2	0.5	0.2	35	37.51
1951.00	26.4	20	20.2	-0.5	-0.2	0.5	0.2	35	37.51
1956.00	26.4	20	20.2	-0.5	-0.2	0.5	0.2	35	37.51
1961.00	26.4	20	20.2	-0.5	-0.2	0.5	0.2	35	37.53
1966.00	26.4	20	20.2	-0.5	-0.2	0.5	0.2	35	37.53
1971.00	26.5	20	20.2	-0.5	-0.2	0.5	0.2	35	37.54
1976.00	26.5	20.1	20.3	-0.5	-0.2	0.5	0.2	35	37.56
1981.00	26.5	20.1	20.3	-0.5	-0.2	0.5	0.2	35	37.57
1986.00	26.5	20.1	20.3	-0.5	-0.2	0.5	0.2	35	37.57
1991.00	26.5	20.1	20.3	-0.5	-0.2	0.5	0.2	35	37.57
1996.00	26.5	20.1	20.3	-0.5	-0.2	0.5	0.2	35	37.57
2001.00	26.5	20.1	20.3	-0.5	-0.2	0.5	0.2	35	37.59
2006.00	26.5	20.1	20.3	-0.5	-0.2	0.5	0.2	35	37.59
2011.00	26.5	20.1	20.3	-0.5	-0.2	0.5	0.2	35	37.6
2016.00	26.5	20.1	20.3	-0.5	-0.2	0.5	0.2	35	37.6
2021.00	26.5	20.1	20.3	-0.5	-0.2	0.5	0.2	35	37.62
2026.00	26.5	20.1	20.3	-0.5	-0.2	0.5	0.2	35	37.63
2031.00	26.6	20.2	20.3	-0.5	-0.2	0.5	0.2	35	37.63
2036.00	26.6	20.2	20.4	-0.5	-0.2	0.5	0.2	35	37.63
2041.00	26.6	20.2	20.4	-0.5	-0.2	0.5	0.2	35	37.63
2046.00	26.6	20.2	20.4	-0.5	-0.2	0.5	0.2	35	37.63
2051.00	26.6	20.2	20.3	-0.5	-0.2	0.5	0.2	35	37.63
2056.00	26.6	20.2	20.4	-0.5	-0.2	0.5	0.2	35	37.63
2061.00	26.6	20.2	20.4	-0.5	-0.2	0.5	0.2	35	37.65
2066.00	26.6	20.2	20.4	-0.5	-0.2	0.5	0.2	35	37.65
2071.00	26.6	20.2	20.4	-0.5	-0.2	0.5	0.2	35	37.65
2076.00	26.6	20.2	20.4	-0.5	-0.2	0.5	0.2	35	37.66
2081.00	26.6	20.2	20.4	-0.5	-0.2	0.5	0.2	35	37.66
2086.00	26.6	20.2	20.4	-0.5	-0.2	0.5	0.2	35	37.66
2091.00	26.6	20.2	20.4	-0.5	-0.2	0.5	0.2	35	37.68
2096.00	26.6	20.3	20.4	-0.5	-0.2	0.5	0.2	35	37.68
2101.00	26.6	20.3	20.4	-0.5	-0.2	0.5	0.2	35	37.68
2106.00	26.6	20.3	20.4	-0.5	-0.2	0.5	0.2	35	37.68
2111.00	26.6	20.3	20.4	-0.5	-0.2	0.5	0.2	35	37.69
2116.00	26.7	20.3	20.5	-0.5	-0.2	0.5	0.2	35	37.71
2121.00	26.7	20.3	20.4	-0.5	-0.2	0.5	0.2	35	37.71
2126.00	26.7	20.3	20.5	-0.5	-0.2	0.5	0.2	35	37.72
2131.00	26.7	20.3	20.4	-0.5	-0.2	0.5	0.2	35	37.72
2136.00	26.7	20.3	20.5	-0.5	-0.2	0.5	0.2	35	37.74
2141.00	26.7	20.3	20.5	-0.5	-0.2	0.5	0.2	35	37.74
2146.00	26.7	20.3	20.5	-0.5	-0.2	0.5	0.2	35	37.74
2151.00	26.7	20.3	20.5	-0.5	-0.2	0.5	0.2	35	37.74
2156.00	26.7	20.3	20.5	-0.5	-0.2	0.5	0.2	35	37.74
2161.00	26.7	20.3	20.5	-0.5	-0.2	0.5	0.2	35	37.74
2166.00	26.7	20.3	20.5	-0.5	-0.2	0.5	0.2	35	37.75
2171.00	26.7	20.3	20.5	-0.5	-0.2	0.5	0.2	35	37.75
2176.00	26.7	20.3	20.5	-0.5	-0.2	0.5	0.2	35	37.75
2181.00	26.7	20.3	20.5	-0.5	-0.2	0.5	0.2	35	37.75
2186.00	26.7	20.3	20.5	-0.5	-0.2	0.5	0.2	35	37.77
2191.00	26.7	20.4	20.5	-0.5	-0.2	0.5	0.2	35	37.77
2196.00	26.7	20.4	20.5	-0.5	-0.2	0.5	0.2	35	37.78
2201.00	26.7	20.4	20.5	-0.5	-0.2	0.5	0.2	35	37.78
2206.00	26.7	20.4	20.5	-0.5	-0.2	0.5	0.2	35	37.78
2211.00	26.7	20.4	20.5	-0.5	-0.2	0.5	0.2	35	37.78
2216.00	26.7	20.4	20.5	-0.5	-0.2	0.5	0.2	35	37.8
2221.00	26.8	20.4	20.5	-0.5	-0.2	0.5	0.2	35	37.8
2226.00	26.8	20.4	20.5	-0.5	-0.2	0.5	0.2	35	37.8
2231.00	26.8	20.4	20.5	-0.5	-0.2	0.5	0.2	35	37.8
2236.00	26.8	20.4	20.5	-0.5	-0.2	0.5	0.2	35	37.8
2241.00	26.8	20.4	20.5	-0.5	-0.2	0.5	0.2	35	37.8
2246.00	26.8	20.4	20.5	-0.5	-0.2	0.5	0.2	35	37.8
2251.00	26.8	20.4	20.5	-0.5	-0.2	0.5	0.2	35	37.81
2256.00	26.8	20.4	20.5	-0.5	-0.2	0.5	0.2	35	37.81
2261.00	26.8	20.4	20.5	-0.5	-0.2	0.5	0.2	35	37.81
2266.00	26.8	20.4	20.5	-0.5	-0.2	0.5	0.2	35	37.81
2271.00	26.8	20.4	20.5	-0.5	-0.2	0.5	0.2	35	37.83
2276.00	26.8	20.4	20.5	-0.5	-0.2	0.5	0.2	35	37.83
2281.00	26.8	20.4	20.5	-0.5	-0.2	0.5	0.2	35	37.84
2286.00	26.8	20.4	20.6	-0.5	-0.2	0.5	0.2	35	37.84
2291.00	26.8	20.4	20.5	-0.5	-0.2	0.5	0.2	35	37.84
2296.00	26.8	20.4	20.6	-0.5	-0.2	0.5	0.2	35	37.86
2301.00	26.8	20.4	20.6	-0.5	-0.2	0.5	0.2	35	37.86
2306.00	26.8	20.4	20.6	-0.5	-0.2	0.5	0.2	35	37.86
2311.00	26.8	20.4	20.6	-0.5	-0.2	0.5	0.2	35	37.86
2316.00	26.8	20.4	20.6	-0.5	-0.2	0.5	0.2	35	37.86
2321.00	26.8	20.4	20.6	-0.5	-0.2	0.5	0.2	35	37.86
2326.00	26.8	20.4	20.6	-0.5	-0.2	0.5	0.2	35	37.86
2331.00	26.8	20.4	20.6	-0.5	-0.2	0.5	0.2	35	37.87
2336.00	26.8	20.4	20.6	-0.5	-0.2	0.5	0.2	35	37.87
2341.00	26.8	20.4	20.6	-0.5	-0.2	0.5	0.2	35	37.87
2346.00	26.8	20.4	20.6	-0.5	-0.2	0.5	0.2	35	37.87
2351.00	26.9	20.4	20.6	-0.5	-0.2	0.5	0.2	35	37.89
2356.00	26.9	20.4	20.6	-0.5	-0.2	0.5	0.2	35	37.89
2361.00	26.9	20.4	20.6	-0.5	-0.2	0.5	0.2	35	37.89
2366.00	26.9	20.4	20.6	-0.5	-0.2	0.5	0.2	35	37.9
2371.00	26.9	20.4	20.6	-0.5	-0.2	0.5	0.2	35	37.92
2376.00	26.9	20.4	20.6	-0.5	-0.2	0.5	0.2	35	37.92
2381.00	26.9	20.4	20.6	-0.5	-0.3	0.5	0.3	35	37.92
2386.00	26.9	20.4	20.7	-0.5	-0.2	0.5	0.2	35	37.92
2391.00	26.9	20.4	20.6	-0.5	-0.3	0.5	0.3	35	37.93
2396.00	26.9	20.4	20.6	-0.5	-0.2	0.5	0.2	35	37.93
2401.00	26.9	20.4	20.6	-0.5	-0.3	0.5	0.3	35	37.93
2406.00	26.9	20.4	20.6	-0.5	-0.3	0.5	0.3	35	37.95
2411.00	26.9	20.4	20.6	-0.5	-0.3	0.5	0.3	35	37.95
2416.00	26.9	20.4	20.6	-0.5	-0.3	0.5	0.3	35	37.95
2421.00	26.9	20.4	20.7	-0.5	-0.3	0.5	0.3	35	37.95
2426.00	26.9	20.4	20.6	-0.5	-0.3	0.5	0.3	35	37.96
2431.00	26.9	20.4	20.6	-0.5	-0.2	0.5	0.2	35	37.96
2436.00	26.9	20.4	20.6	-0.5	-0.3	0.5	0.3	35	37.96
2441.00	27	20.4	20.7	-0.5	-0.3	0.5	0.3	35	37.96
2446.00	27	20.4	20.7	-0.5	-0.3	0.5	0.3	35	37.96
2451.00	27	20.5	20.7	-0.5	-0.3	0.5	0.3	35	37.96
2456.00	27	20.5	20.7	-0.5	-0.3	0.5	0.3	35	37.96
2461.00	27	20.5	20.7	-0.5	-0.3	0.5	0.3	35	37.96
2466.00	27	20.5	20.7	-0.5	-0.3	0.5	0.3	35	37.96
2471.00	27	20.5	20.7	-0.5	-0.3	0.5	0.3	35	37.96
2476.00	27	20.5	20.7	-0.5	-0.3	0.5	0.3	35	37.96
2481.00	27	20.5	20.7	-0.5	-0.3	0.5	0.3	35	37.98
2486.00	27	20.5	20.7	-0.5	-0.2	0.5	0.2	35	37.98
2491.00	27	20.5	20.7	-0.5	-0.3	0.5	0.3	35	37.98
2496.00	27	20.5	20.7	-0.5	-0.3	0.5	0.3	35	37.98
2501.00	27	20.5	20.7	-0.5	-0.3	0.5	0.3	35	37.98
2506.00	27	20.5	20.7	-0.5	-0.3	0.5	0.3	35	37.98
2511.00	27	20.5	20.7	-0.5	-0.3	0.5	0.3	35	37.98
2516.00	27	20.5	20.7	-0.5	-0.3	0.5	0.3	35	37.99
2521.00	27	20.5	20.7	-0.5	-0.3	0.5	0.3	35	37.99
2526.00	27	20.5	20.7	-0.5	-0.3	0.5	0.3	35	37.99
2531.00	27	20.5	20.7	-0.5	-0.3	0.5	0.3	35	38.01
2536.00	27	20.5	20.7	-0.5	-0.3	0.5	0.3	35	38.01
2541.00	27	20.5	20.7	-0.5	-0.3	0.5	0.3	35	38.02
2546.00	27	20.5	20.8	-0.5	-0.3	0.5	0.3	35	38.02
2551.00	27	20.5	20.8	-0.5	-0.3	0.5	0.3	35	38.02
2556.00	27	20.5	20.7	-0.5	-0.3	0.5	0.3	35	38.02
2561.00	27	20.5	20.8	-0.5	-0.3	0.5	0.3	35	38.02
2566.00	27	20.5	20.8	-0.5	-0.3	0.5	0.3	35	38.02
2571.00	27	20.5	20.8	-0.5	-0.3	0.5	0.3	35	38.02
2576.00	27.1	20.5	20.7	-0.5	-0.3	0.5	0.3	35	38.02
2581.00	27.1	20.5	20.8	-0.5	-0.3	0.5	0.3	35	38.02
2586.00	27.1	20.5	20.8	-0.5	-0.3	0.5	0.3	35	38.02
2591.00	27.1	20.5	20.8	-0.5	-0.3	0.5	0.3	35	38.04
2596.00	27.1	20.6	20.8	-0.5	-0.3	0.5	0.3	35	38.04
2601.00	27.1	20.6	20.8	-0.5	-0.3	0.5	0.3	35	38.05
2606.00	27.1	20.6	20.8	-0.5	-0.3	0.5	0.3	35	38.05
2611.00	27.1	20.6	20.8	-0.5	-0.3	0.5	0.3	35	38.05
2616.00	27.1	20.6	20.8	-0.5	-0.3	0.5	0.3	35	38.07
2621.00	27.1	20.6	20.8	-0.5	-0.3	0.5	0.3	35	38.07
2626.00	27.1	20.6	20.8	-0.5	-0.3	0.5	0.3	35	38.08
2631.00	27.1	20.6	20.8	-0.5	-0.3	0.5	0.3	35	38.08
2636.00	27.1	20.6	20.8	-0.5	-0.3	0.5	0.3	35	38.08
2641.00	27.1	20.6	20.8	-0.5	-0.3	0.5	0.3	35	38.08
2646.00	27.1	20.6	20.8	-0.5	-0.3	0.5	0.3	35	38.08
2651.00	27.1	20.6	20.8	-0.5	-0.3	0.5	0.3	35	38.08
2656.00	27.1	20.6	20.8	-0.5	-0.3	0.5	0.3	35	38.08
2661.00	27.1	20.6	20.8	-0.5	-0.3	0.5	0.3	35	38.08
2666.00	27.1	20.6	20.8	-0.5	-0.3	0.5	0.3	35	38.08
2671.00	27.1	20.6	20.8	-0.5	-0.3	0.5	0.3	35	38.1
2676.00	27.1	20.6	20.8	-0.5	-0.3	0.5	0.3	35	38.1
2681.00	27.1	20.6	20.8	-0.5	-0.3	0.5	0.3	35	38.1
2686.00	27.1	20.6	20.8	-0.5	-0.3	0.5	0.3	35	38.11
2691.00	27.1	20.6	20.8	-0.5	-0.3	0.5	0.3	35	38.11
2696.00	27.1	20.6	20.8	-0.5	-0.3	0.5	0.3	35	38.11
2701.00	27.1	20.6	20.8	-0.5	-0.3	0.5	0.3	35	38.11
2706.00	27.1	20.6	20.8	-0.5	-0.3	0.5	0.3	35	38.11
2711.00	27.1	20.7	20.8	-0.5	-0.3	0.5	0.3	35	38.11
2716.00	27.1	20.7	20.8	-0.5	-0.3	0.5	0.3	35	38.11
2721.00	27.1	20.7	20.8	-0.5	-0.3	0.5	0.3	35	38.13
2726.00	27.1	20.7	20.8	-0.5	-0.3	0.5	0.3	35	38.13
2731.00	27.1	20.7	20.8	-0.5	-0.3	0.5	0.3	35	38.13
2736.00	27.1	20.7	20.8	-0.5	-0.3	0.5	0.3	35	38.14
2741.00	27.1	20.7	20.8	-0.5	-0.3	0.5	0.3	35	38.14
2746.00	27.1	20.7	20.8	-0.5	-0.3	0.5	0.3	35	38.14
2751.00	27.1	20.7	20.8	-0.5	-0.3	0.5	0.3	35	38.14
2756.00	27.1	20.7	20.8	-0.5	-0.3	0.5	0.3	35	38.14
2761.00	27.2	20.7	20.9	-0.5	-0.3	0.5	0.3	35	38.14
2766.00	27.1	20.7	20.9	-0.5	-0.3	0.5	0.3	35	38.14
2771.00	27.2	20.7	20.9	-0.5	-0.3	0.5	0.3	35	38.14
2776.00	27.2	20.7	20.9	-0.5	-0.3	0.5	0.3	35	38.14
2781.00	27.2	20.7	20.9	-0.5	-0.3	0.5	0.3	35	38.14
2786.00	27.2	20.7	20.9	-0.5	-0.3	0.5	0.3	35	38.14
2791.00	27.2	20.7	20.9	-0.5	-0.3	0.5	0.3	35	38.14
2796.00	27.2	20.7	20.9	-0.5	-0.3	0.5	0.3	35	38.14
2801.00	27.2	20.7	20.9	-0.5	-0.3	0.5	0.3	35	38.14
2806.00	27.2	20.7	20.9	-0.5	-0.3	0.5	0.3	35	38.14
2811.00	27.2	20.7	20.9	-0.5	-0.3	0.5	0.3	35	38.14
2816.00	27.2	20.7	20.9	-0.5	-0.3	0.5	0.3	35	38.14
2821.00	27.2	20.7	20.9	-0.5	-0.3	0.5	0.3	35	38.14
2826.00	27.2	20.7	20.9	-0.5	-0.3	0.5	0.3	35	38.14
2831.00	27.2	20.7	20.9	-0.5	-0.3	0.5	0.3	35	38.14
2836.00	27.2	20.7	20.9	-0.5	-0.3	0.5	0.3	35	38.14
2841.00	27.2	20.7	20.9	-0.5	-0.3	0.5	0.3	35	38.14
2846.00	27.2	20.7	20.9	-0.5	-0.3	0.5	0.3	35	38.14
2851.00	27.2	20.7	20.9	-0.5	-0.3	0.5	0.3	35	38.14
2856.00	27.2	20.7	21	-0.5	-0.3	0.5	0.3	35	38.16
2861.00	27.2	20.7	20.9	-0.5	-0.3	0.5	0.3	35	38.16
2866.00	27.2	20.7	21	-0.5	-0.3	0.5	0.3	35	38.16
2871.00	27.2	20.7	21	-0.5	-0.3	0.5	0.3	35	38.16
2876.00	27.2	20.7	21	-0.5	-0.3	0.5	0.3	35	38.17
2881.00	27.2	20.7	21	-0.5	-0.3	0.5	0.3	35	38.17
2886.00	27.2	20.7	20.9	-0.5	-0.3	0.5	0.3	35	38.17
2891.00	27.2	20.7	20.9	-0.5	-0.3	0.5	0.3	35	38.17
2896.00	27.2	20.7	20.9	-0.5	-0.3	0.5	0.3	35	38.17
2901.00	27.2	20.7	21	-0.5	-0.3	0.5	0.3	35	38.19
2906.00	27.2	20.7	21	-0.5	-0.3	0.5	0.3	35	38.19
2911.00	27.2	20.7	21	-0.5	-0.3	0.5	0.3	35	38.19
2916.00	27.2	20.7	21	-0.5	-0.3	0.5	0.3	35	38.19
2921.00	27.2	20.7	21	-0.5	-0.3	0.5	0.3	35	38.2
2926.00	27.2	20.7	21	-0.5	-0.3	0.5	0.3	35	38.2
2931.00	27.2	20.7	21	-0.5	-0.3	0.5	0.3	35	38.2
2936.00	27.2	20.7	21	-0.5	-0.3	0.5	0.3	35	38.2
2941.00	27.2	20.7	21	-0.5	-0.3	0.5	0.3	35	38.2
2946.00	27.2	20.7	21	-0.5	-0.3	0.5	0.3	35	38.2
2951.00	27.2	20.7	21	-0.5	-0.3	0.5	0.3	35	38.2
2956.00	27.2	20.7	21	-0.5	-0.3	0.5	0.3	35	38.2
2961.00	27.3	20.7	21	-0.5	-0.3	0.5	0.3	35	38.22
2966.00	27.3	20.7	21.1	-0.5	-0.3	0.5	0.3	35	38.22
2971.00	27.3	20.7	21	-0.5	-0.3	0.5	0.3	35	38.22
2976.00	27.3	20.7	21	-0.5	-0.3	0.5	0.3	35	38.22
2981.00	27.3	20.7	21	-0.5	-0.3	0.5	0.3	35	38.22
2986.00	27.3	20.7	21	-0.5	-0.3	0.5	0.3	35	38.22
2991.00	27.3	20.7	21	-0.5	-0.3	0.5	0.3	35	38.22
2996.00	27.3	20.7	21	-0.5	-0.3	0.5	0.3	35	38.23
3001.00	27.3	20.7	21.1	-0.5	-0.3	0.5	0.3	35	38.23
3006.00	27.3	20.7	21	-0.5	-0.3	0.5	0.3	35	38.23
3011.00	27.3	20.8	21.1	-0.5	-0.3	0.5	0.3	35	38.23
3016.00	27.3	20.8	21.1	-0.5	-0.3	0.5	0.3	35	38.23
3021.00	27.3	20.8	21.1	-0.5	-0.3	0.5	0.3	35	38.25
3026.00	27.3	20.8	21.1	-0.5	-0.3	0.5	0.3	35	38.25
3031.00	27.3	20.8	21.1	-0.5	-0.3	0.5	0.3	35	38.25
3036.00	27.3	20.8	21.1	-0.5	-0.3	0.5	0.3	35	38.25
3041.00	27.3	20.8	21.1	-0.5	-0.3	0.5	0.3	35	38.26
3046.00	27.3	20.8	21.1	-0.5	-0.3	0.5	0.3	35	38.26
3051.00	27.3	20.8	21.1	-0.5	-0.3	0.5	0.3	35	38.26
3056.00	27.3	20.8	21.1	-0.5	-0.3	0.5	0.3	35	38.26
3061.00	27.3	20.8	21.1	-0.5	-0.3	0.5	0.3	35	38.26
3066.00	27.3	20.8	21.1	-0.5	-0.3	0.5	0.3	35	38.26
3071.00	27.3	20.8	21.1	-0.5	-0.3	0.5	0.3	35	38.26
3076.00	27.3	20.8	21.1	-0.5	-0.3	0.5	0.3	35	38.26
3081.00	27.3	20.8	21.1	-0.5	-0.3	0.5	0.3	35	38.26
3086.00	27.3	20.8	21.1	-0.5	-0.3	0.5	0.3	35	38.26
3091.00	27.3	20.8	21.1	-0.5	-0.3	0.5	0.3	35	38.26
3096.00	27.3	20.8	21.1	-0.5	-0.3	0.5	0.3	35	38.26
3101.00	27.3	20.8	21.1	-0.5	-0.3	0.5	0.3	35	38.26
3106.00	27.3	20.8	21.1	-0.5	-0.3	0.5	0.3	35	38.28
3111.00	27.3	20.8	21.1	-0.5	-0.3	0.5	0.3	35	38.28
3116.00	27.3	20.8	21.1	-0.5	-0.3	0.5	0.3	35	38.28
3121.00	27.3	20.8	21.1	-0.5	-0.3	0.5	0.3	35	38.29
3126.00	27.3	20.8	21.1	-0.5	-0.3	0.5	0.3	35	38.29
3131.00	27.3	20.8	21.1	-0.5	-0.3	0.5	0.3	35	38.29
3136.00	27.3	20.8	21.1	-0.5	-0.3	0.5	0.3	35	38.29
3141.00	27.3	20.8	21.1	-0.5	-0.3	0.5	0.3	35	38.29
3146.00	27.3	20.8	21.2	-0.5	-0.3	0.5	0.3	35	38.29
3151.00	27.3	20.8	21.1	-0.5	-0.3	0.5	0.3	35	38.29
3156.00	27.3	20.8	21.1	-0.5	-0.3	0.5	0.3	35	38.31
3161.00	27.3	20.8	21.1	-0.5	-0.3	0.5	0.3	35	38.31
3166.00	27.3	20.8	21.1	-0.5	-0.3	0.5	0.3	35	38.31
3171.00	27.3	20.8	21.1	-0.5	-0.3	0.5	0.3	35	38.31
3176.00	27.3	20.8	21.1	-0.5	-0.3	0.5	0.3	35	38.31
3181.00	27.3	20.8	21.1	-0.5	-0.3	0.5	0.3	35	38.31
3186.00	27.3	20.8	21.1	-0.5	-0.3	0.5	0.3	35	38.31
3191.00	27.3	20.8	21.1	-0.5	-0.3	0.5	0.3	35	38.31
3196.00	27.4	20.8	21.2	-0.5	-0.3	0.5	0.3	35	38.31
3201.00	27.4	20.8	21.2	-0.5	-0.3	0.5	0.3	35	38.31
3206.00	27.4	20.8	21.1	-0.5	-0.3	0.5	0.3	35	38.31
3211.00	27.4	20.8	21.1	-0.5	-0.3	0.5	0.3	35	38.31
3216.00	27.4	20.8	21.2	-0.5	-0.3	0.5	0.3	35	38.31
3221.00	27.4	20.8	21.1	-0.5	-0.3	0.5	0.3	35	38.31
3226.00	27.4	20.8	21.2	-0.5	-0.3	0.5	0.3	35	38.32
3231.00	27.4	20.8	21.2	-0.5	-0.3	0.5	0.3	35	38.32
3236.00	27.4	20.8	21.1	-0.5	-0.3	0.5	0.3	35	38.34
3241.00	27.4	20.8	21.2	-0.5	-0.3	0.5	0.3	35	38.32
3246.00	27.4	20.8	21.1	-0.5	-0.3	0.5	0.3	35	38.32
3251.00	27.4	20.8	21.1	-0.5	-0.3	0.5	0.3	35	38.34
3256.00	27.4	20.8	21.2	-0.5	-0.3	0.5	0.3	35	38.34
3261.00	27.4	20.9	21.2	-0.5	-0.3	0.5	0.3	35	38.34
3266.00	27.4	20.9	21.1	-0.5	-0.3	0.5	0.3	35	38.34
3271.00	27.4	20.8	21.2	-0.5	-0.3	0.5	0.3	35	38.34
3276.00	27.4	20.8	21.2	-0.5	-0.3	0.5	0.3	35	38.35
3281.00	27.4	20.9	21.2	-0.5	-0.3	0.5	0.3	35	38.35
3286.00	27.4	20.9	21.2	-0.5	-0.3	0.5	0.3	35	38.35
3291.00	27.4	20.9	21.2	-0.5	-0.3	0.5	0.3	35	38.35
3296.00	27.4	20.9	21.2	-0.5	-0.3	0.5	0.3	35	38.35
3301.00	27.4	20.9	21.2	-0.5	-0.3	0.5	0.3	35	38.37
3306.00	27.4	20.9	21.2	-0.5	-0.3	0.5	0.3	35	38.37
3311.00	27.4	20.9	21.2	-0.5	-0.3	0.5	0.3	35	38.37
3316.00	27.4	20.9	21.2	-0.5	-0.3	0.5	0.3	35	38.37
3321.00	27.4	20.9	21.1	-0.5	-0.3	0.5	0.3	35	38.37
3326.00	27.4	20.9	21.2	-0.5	-0.3	0.5	0.3	35	38.37
3331.00	27.4	20.9	21.2	-0.5	-0.3	0.5	0.3	35	38.37
3336.00	27.4	20.9	21.2	-0.5	-0.3	0.5	0.3	35	38.37
3341.00	27.4	20.9	21.2	-0.5	-0.3	0.5	0.3	35	38.37
3346.00	27.4	20.9	21.2	-0.5	-0.3	0.5	0.3	35	38.37
3351.00	27.4	20.9	21.2	-0.5	-0.3	0.5	0.3	35	38.37
3356.00	27.4	20.9	21.2	-0.5	-0.3	0.5	0.3	35	38.37
3361.00	27.4	20.9	21.2	-0.5	-0.3	0.5	0.3	35	38.37
3366.00	27.4	20.9	21.2	-0.5	-0.3	0.5	0.3	35	38.37
3371.00	27.4	20.9	21.2	-0.5	-0.3	0.5	0.3	35	38.37
3376.00	27.4	20.9	21.2	-0.5	-0.3	0.5	0.3	35	38.37
3381.00	27.4	20.9	21.2	-0.5	-0.3	0.5	0.3	35	38.37
3386.00	27.4	20.9	21.2	-0.5	-0.3	0.5	0.3	35	38.37
3391.00	27.4	20.9	21.2	-0.5	-0.3	0.5	0.3	35	38.37
3396.00	27.4	20.9	21.2	-0.5	-0.3	0.5	0.3	35	38.37
3401.00	27.4	20.9	21.2	-0.5	-0.3	0.5	0.3	35	38.37
3406.00	27.4	20.9	21.2	-0.5	-0.3	0.5	0.3	35	38.38
3411.00	27.4	20.9	21.2	-0.5	-0.3	0.5	0.3	35	38.38
3416.00	27.4	20.9	21.2	-0.5	-0.3	0.5	0.3	35	38.38
3421.00	27.4	20.9	21.2	-0.5	-0.3	0.5	0.3	35	38.38
3426.00	27.4	20.9	21.2	-0.5	-0.3	0.5	0.3	35	38.38
3431.00	27.4	20.9	21.2	-0.5	-0.3	0.5	0.3	35	38.38
3436.00	27.4	20.9	21.2	-0.5	-0.3	0.5	0.3	35	38.38
3441.00	27.4	20.9	21.2	-0.5	-0.3	0.5	0.3	35	38.38
3446.00	27.5	20.9	21.2	-0.5	-0.3	0.5	0.3	35	38.38
3451.00	27.5	20.9	21.2	-0.5	-0.3	0.5	0.3	35	38.38
3456.00	27.5	20.9	21.2	-0.5	-0.3	0.5	0.3	35	38.38
3461.00	27.5	20.9	21.2	-0.5	-0.3	0.5	0.3	35	38.38
3466.00	27.5	20.9	21.2	-0.5	-0.3	0.5	0.3	35	38.38
3471.00	27.5	20.9	21.2	-0.5	-0.3	0.5	0.3	35	38.38
3476.00	27.5	20.9	21.2	-0.5	-0.3	0.5	0.3	35	38.38
3481.00	27.5	20.9	21.2	-0.5	-0.3	0.5	0.3	35	38.38
3486.00	27.5	20.9	21.2	-0.5	-0.3	0.5	0.3	35	38.38
3491.00	27.5	20.9	21.2	-0.5	-0.3	0.5	0.3	35	38.38
3496.00	27.5	21	21.2	-0.5	-0.3	0.5	0.3	35	38.38
3501.00	27.5	20.9	21.2	-0.5	-0.3	0.5	0.3	35	38.38
3506.00	27.5	20.9	21.2	-0.5	-0.3	0.5	0.3	35	38.38
3511.00	27.5	20.9	21.2	-0.5	-0.3	0.5	0.3	35	38.4
3516.00	27.5	21	21.2	-0.5	-0.3	0.5	0.3	35	38.4
3521.00	27.5	21	21.2	-0.5	-0.3	0.5	0.3	35	38.4
3526.00	27.5	21	21.2	-0.5	-0.3	0.5	0.3	35	38.4
3531.00	27.5	21	21.2	-0.5	-0.3	0.5	0.3	35	38.4
3536.00	27.5	21	21.2	-0.5	-0.3	0.5	0.3	35	38.41
3541.00	27.5	21	21.2	-0.5	-0.3	0.5	0.3	35	38.41
3546.00	27.5	21	21.2	-0.5	-0.3	0.5	0.3	35	38.41
3551.00	27.5	21	21.2	-0.5	-0.3	0.5	0.3	35	38.41
3556.00	27.5	21	21.2	-0.5	-0.3	0.5	0.3	35	38.41
3561.00	27.5	21	21.2	-0.5	-0.3	0.5	0.3	35	38.41
3566.00	27.5	21	21.2	-0.5	-0.3	0.5	0.3	35	38.41
3571.00	27.5	21	21.2	-0.5	-0.3	0.5	0.3	35	38.43
3576.00	27.6	21	21.3	-0.5	-0.3	0.5	0.3	35	38.43
3581.00	27.5	21	21.2	-0.5	-0.3	0.5	0.3	35	38.43
3586.00	27.6	21	21.2	-0.5	-0.3	0.5	0.3	35	38.43
3591.00	27.6	21	21.2	-0.5	-0.3	0.5	0.3	35	38.43
3596.00	27.6	21	21.3	-0.5	-0.3	0.5	0.3	35	38.43
3601.00	27.6	21	21.3	-0.5	-0.3	0.5	0.3	35	38.43
3606.00	27.6	21	21.3	-0.5	-0.3	0.5	0.3	35	38.43
3611.00	27.6	21	21.2	-0.5	-0.3	0.5	0.3	35	38.43
3616.00	27.6	21	21.3	-0.5	-0.3	0.5	0.3	35	38.43
3621.00	27.6	21	21.3	-0.5	-0.3	0.5	0.3	35	38.43
3626.00	27.6	21	21.2	-0.5	-0.3	0.5	0.3	35	38.44
3631.00	27.6	21	21.2	-0.5	-0.3	0.5	0.3	35	38.44
3636.00	27.6	21	21.3	-0.5	-0.3	0.5	0.3	35	38.44
3641.00	27.6	21	21.3	-0.5	-0.3	0.5	0.3	35	38.44
3646.00	27.6	21	21.2	-0.5	-0.3	0.5	0.3	35	38.44
3651.00	27.6	21	21.2	-0.5	-0.3	0.5	0.3	35	38.44
3656.00	27.6	21	21.3	-0.5	-0.3	0.5	0.3	35	38.46
3661.00	27.6	21	21.3	-0.5	-0.3	0.5	0.3	35	38.46
3666.00	27.6	21	21.2	-0.5	-0.3	0.5	0.3	35	38.46
3671.00	27.6	21	21.3	-0.5	-0.3	0.5	0.3	35	38.46
3676.00	27.6	21	21.3	-0.5	-0.3	0.5	0.3	35	38.46
3681.00	27.6	21	21.2	-0.5	-0.3	0.5	0.3	35	38.46
3686.00	27.6	21	21.3	-0.5	-0.3	0.5	0.3	35	38.46
3691.00	27.6	21	21.3	-0.5	-0.3	0.5	0.3	35	38.46
3696.00	27.6	21	21.3	-0.5	-0.3	0.5	0.3	35	38.46
3701.00	27.6	21	21.3	-0.5	-0.3	0.5	0.3	35.1	38.52
3706.00	27.8	21.2	21.4	-0.5	-0.3	0.5	0.3	35.4	38.65
3711.00	27.9	21.3	21.5	-0.5	-0.3	0.5	0.3	35.6	38.76
3716.00	28.1	21.4	21.6	-0.5	-0.3	0.5	0.3	35.9	38.89
3721.00	28.3	21.5	21.7	-0.5	-0.3	0.5	0.3	36.1	39.01
3726.00	28.4	21.6	21.8	-0.5	-0.3	0.5	0.3	36.4	39.13
3731.00	28.6	21.7	22	-0.5	-0.3	0.5	0.3	36.6	39.25
3736.00	28.7	21.9	22.1	-0.5	-0.3	0.5	0.3	36.9	39.36
3741.00	28.9	22	22.2	-0.5	-0.3	0.5	0.3	37.1	39.51
3746.00	29	22.1	22.3	-0.5	-0.3	0.5	0.3	37.4	39.63
3751.00	29.2	22.2	22.4	-0.5	-0.3	0.5	0.3	37.6	39.75
3756.00	29.4	22.4	22.5	-0.5	-0.3	0.5	0.3	37.9	39.9
3761.00	29.6	22.5	22.7	-0.5	-0.3	0.5	0.3	38.1	40.03
3766.00	29.7	22.6	22.8	-0.5	-0.3	0.5	0.3	38.4	40.14
3771.00	29.9	22.8	22.9	-0.5	-0.3	0.5	0.3	38.6	40.29
3776.00	30.1	22.9	23	-0.5	-0.3	0.5	0.3	38.9	40.42
3781.00	30.2	23	23.1	-0.5	-0.3	0.5	0.3	39.1	40.56
3786.00	30.4	23.1	23.3	-0.5	-0.3	0.5	0.3	39.4	40.68
3791.00	30.6	23.2	23.4	-0.5	-0.3	0.5	0.3	39.6	40.81
3796.00	30.7	23.4	23.5	-0.5	-0.3	0.5	0.3	39.9	40.98
3801.00	30.9	23.5	23.6	-0.5	-0.3	0.5	0.3	40.1	41.11
3806.00	31.1	23.7	23.8	-0.5	-0.3	0.5	0.3	40.4	41.23
3811.00	31.3	23.8	23.9	-0.5	-0.3	0.5	0.3	40.6	41.37
3816.00	31.4	23.9	24.1	-0.5	-0.3	0.5	0.3	40.9	41.52
3821.00	31.6	24.1	24.1	-0.5	-0.3	0.5	0.3	41.1	41.67
3826.00	31.7	24.2	24.2	-0.5	-0.3	0.5	0.3	41.3	41.8
3831.00	31.9	24.3	24.3	-0.5	-0.3	0.5	0.3	41.6	41.92
3836.00	32.1	24.4	24.6	-0.5	-0.3	0.5	0.3	41.9	42.09
3841.00	32.3	24.6	24.7	-0.5	-0.3	0.5	0.3	42.1	42.21
3846.00	32.5	24.7	24.8	-0.5	-0.3	0.5	0.3	42.3	42.36
3851.00	32.6	24.8	25	-0.5	-0.3	0.5	0.3	42.6	42.49
3856.00	32.8	25	25.1	-0.5	-0.3	0.5	0.3	42.8	42.66
3861.00	33	25.1	25.2	-0.5	-0.3	0.5	0.3	43.1	42.78
3866.00	33.1	25.3	25.4	-0.5	-0.3	0.5	0.3	43.3	42.91
3871.00	33.3	25.4	25.5	-0.5	-0.3	0.5	0.3	43.6	43.06
3876.00	33.5	25.5	25.7	-0.5	-0.3	0.5	0.3	43.8	43.23
3881.00	33.7	25.6	25.8	-0.5	-0.3	0.5	0.3	44.1	43.36
3886.00	33.8	25.8	25.9	-0.5	-0.3	0.5	0.3	44.3	43.51
3891.00	34.1	25.9	26.1	-0.5	-0.3	0.5	0.3	44.6	43.65
3896.00	34.3	26	26.2	-0.6	-0.3	0.6	0.3	44.8	43.81
3901.00	34.4	26.2	26.3	-0.6	-0.3	0.6	0.3	45.1	43.95
3906.00	34.6	26.3	26.5	-0.6	-0.3	0.6	0.3	45.3	44.08
3911.00	34.8	26.5	26.6	-0.6	-0.3	0.6	0.3	45.5	44.23
3916.00	35	26.6	26.8	-0.6	-0.3	0.6	0.3	45.8	44.4
3921.00	35.1	26.8	26.9	-0.6	-0.3	0.6	0.3	46.1	44.55
3926.00	35.4	26.9	27	-0.6	-0.3	0.6	0.3	46.3	44.68
3931.00	35.5	27.1	27.2	-0.6	-0.3	0.6	0.3	46.5	44.83
3936.00	35.7	27.2	27.4	-0.6	-0.3	0.6	0.3	46.8	45
3941.00	35.9	27.4	27.5	-0.6	-0.3	0.6	0.3	47	45.15
3946.00	36.1	27.5	27.7	-0.6	-0.3	0.6	0.3	47.3	45.3
3951.00	36.2	27.7	27.8	-0.6	-0.3	0.6	0.3	47.5	45.46
3956.00	36.5	27.9	27.9	-0.6	-0.3	0.6	0.3	47.8	45.63
3961.00	36.7	28	28.1	-0.6	-0.3	0.6	0.3	48	45.76
3966.00	36.8	28.1	28.3	-0.6	-0.3	0.6	0.3	48.3	45.91
3971.00	37.1	28.3	28.4	-0.6	-0.3	0.6	0.3	48.5	46.06
3976.00	37.2	28.4	28.6	-0.6	-0.3	0.6	0.3	48.8	46.24
3981.00	37.4	28.5	28.7	-0.6	-0.3	0.6	0.3	49	46.38
3986.00	37.6	28.6	28.8	-0.6	-0.3	0.6	0.3	49.3	46.54
3991.00	37.8	28.8	29	-0.6	-0.3	0.6	0.3	49.5	46.69
3996.00	38	29	29.1	-0.6	-0.3	0.6	0.3	49.8	46.89
4001.00	38.2	29.2	29.3	-0.6	-0.3	0.6	0.3	50	47.04
4006.00	38.4	29.3	29.5	-0.6	-0.3	0.6	0.3	50.3	47.17
4011.00	38.6	29.5	29.6	-0.6	-0.3	0.6	0.3	50.5	47.32
4016.00	38.9	29.6	29.8	-0.6	-0.3	0.6	0.3	50.8	47.5
4021.00	39	29.8	29.9	-0.6	-0.3	0.6	0.3	51	47.65
4026.00	39.2	30	30.1	-0.6	-0.3	0.6	0.3	51.3	47.8
4031.00	39.4	30.2	30.3	-0.6	-0.3	0.6	0.3	51.5	47.98
4036.00	39.6	30.3	30.5	-0.6	-0.3	0.6	0.3	51.8	48.15
4041.00	39.8	30.5	30.6	-0.6	-0.3	0.6	0.3	52	48.33
4046.00	40	30.6	30.8	-0.7	-0.3	0.7	0.3	52.2	48.49
4051.00	40.2	30.7	30.9	-0.7	-0.3	0.7	0.3	52.5	48.64
4056.00	40.5	31	31.1	-0.7	-0.3	0.7	0.3	52.8	48.84
4061.00	40.7	31.1	31.3	-0.7	-0.4	0.7	0.4	53	49
4066.00	40.9	31.3	31.4	-0.7	-0.4	0.7	0.4	53.3	49.18
4071.00	41.1	31.4	31.6	-0.7	-0.4	0.7	0.4	53.5	49.35
4076.00	41.4	31.6	31.8	-0.7	-0.4	0.7	0.4	53.8	49.53
4081.00	41.6	31.8	32	-0.7	-0.4	0.7	0.4	54	49.69
4086.00	41.8	31.9	32.1	-0.7	-0.4	0.7	0.4	54.3	49.87
4091.00	42	32.1	32.4	-0.7	-0.4	0.7	0.4	54.5	50.04
4096.00	42.2	32.3	32.5	-0.7	-0.4	0.7	0.4	54.8	50.25
4101.00	42.5	32.5	32.7	-0.7	-0.4	0.7	0.4	55	50.43
4106.00	42.7	32.7	32.9	-0.7	-0.4	0.7	0.4	55.2	50.61
4111.00	42.9	32.9	33.1	-0.8	-0.4	0.8	0.4	55.5	50.79
4116.00	43.2	33.1	33.3	-0.8	-0.4	0.8	0.4	55.8	51.01
4121.00	43.5	33.2	33.6	-0.8	-0.4	0.8	0.4	56	51.18
4126.00	43.7	33.4	33.8	-0.8	-0.4	0.8	0.4	56.2	51.37
4131.00	44	33.6	34	-0.8	-0.4	0.8	0.4	56.5	51.55
4136.00	44.3	33.9	34.2	-0.8	-0.4	0.8	0.4	56.8	51.79
4141.00	44.5	34.1	34.5	-0.9	-0.4	0.9	0.4	57	51.99
4146.00	44.8	34.2	34.8	-0.9	-0.4	0.9	0.4	57.2	52.18
4151.00	45.1	34.5	35.1	-0.9	-0.4	0.9	0.4	57.4	52.39
4156.00	45.5	34.8	35.5	-1	-0.4	1	0.4	57.7	52.66
4161.00	45.9	35	36	-1	-0.4	1	0.4	58	52.9
4166.00	46.2	35.3	36.3	-1.1	-0.4	1.1	0.4	58.2	53.19
4171.00	46.8	35.5	36.9	-1.1	-0.4	1.1	0.4	58.4	53.52
4176.00	47.4	36	37.7	-1.2	-0.4	1.2	0.4	58.7	53.94
4181.00	48.2	36.4	38.8	-1.2	-0.4	1.2	0.4	58.9	54.43
4186.00	49.5	37.1	40.5	-1.5	-0.4	1.5	0.4	59	55.12
